timestamp,source_metric_value,endpoint,event_label,event_id
2014-03-07 03:41:00+00:00,45.868,realKnownCause/ec2_request_latency_system_failure.csv,False,
2014-03-07 03:46:00+00:00,47.606,realKnownCause/ec2_request_latency_system_failure.csv,False,
2014-03-07 03:51:00+00:00,42.58,realKnownCause/ec2_request_latency_system_failure.csv,False,
2014-03-07 03:56:00+00:00,46.03,realKnownCause/ec2_request_latency_system_failure.csv,False,
2014-03-07 04:01:00+00:00,44.992,realKnownCause/ec2_request_latency_system_failure.csv,False,
2014-03-07 04:06:00+00:00,45.238,realKnownCause/ec2_request_latency_system_failure.csv,False,
2014-03-07 04:11:00+00:00,45.752,realKnownCause/ec2_request_latency_system_failure.csv,False,
2014-03-07 04:16:00+00:00,46.476000000000006,realKnownCause/ec2_request_latency_system_failure.csv,False,
2014-03-07 04:21:00+00:00,42.752,realKnownCause/ec2_request_latency_system_failure.csv,False,
2014-03-07 04:26:00+00:00,46.15600000000001,realKnownCause/ec2_request_latency_system_failure.csv,False,
2014-03-07 04:31:00+00:00,43.35,realKnownCause/ec2_request_latency_system_failure.csv,False,
2014-03-07 04:36:00+00:00,46.292,realKnownCause/ec2_request_latency_system_failure.csv,False,
2014-03-07 04:41:00+00:00,43.428,realKnownCause/ec2_request_latency_system_failure.csv,False,
2014-03-07 04:46:00+00:00,46.31399999999999,realKnownCause/ec2_request_latency_system_failure.csv,False,
2014-03-07 04:51:00+00:00,43.688,realKnownCause/ec2_request_latency_system_failure.csv,False,
2014-03-07 04:56:00+00:00,45.4,realKnownCause/ec2_request_latency_system_failure.csv,False,
2014-03-07 05:01:00+00:00,45.858,realKnownCause/ec2_request_latency_system_failure.csv,False,
2014-03-07 05:06:00+00:00,43.13800000000001,realKnownCause/ec2_request_latency_system_failure.csv,False,
2014-03-07 05:11:00+00:00,46.024,realKnownCause/ec2_request_latency_system_failure.csv,False,
2014-03-07 05:16:00+00:00,46.502,realKnownCause/ec2_request_latency_system_failure.csv,False,
2014-03-07 05:21:00+00:00,42.606,realKnownCause/ec2_request_latency_system_failure.csv,False,
2014-03-07 05:26:00+00:00,45.47,realKnownCause/ec2_request_latency_system_failure.csv,False,
2014-03-07 05:31:00+00:00,42.652,realKnownCause/ec2_request_latency_system_failure.csv,False,
2014-03-07 05:36:00+00:00,46.48,realKnownCause/ec2_request_latency_system_failure.csv,False,
2014-03-07 05:41:00+00:00,45.47,realKnownCause/ec2_request_latency_system_failure.csv,False,
2014-03-07 05:46:00+00:00,44.882,realKnownCause/ec2_request_latency_system_failure.csv,False,
2014-03-07 05:51:00+00:00,42.502,realKnownCause/ec2_request_latency_system_failure.csv,False,
2014-03-07 05:56:00+00:00,46.104,realKnownCause/ec2_request_latency_system_failure.csv,False,
2014-03-07 06:01:00+00:00,43.88399999999999,realKnownCause/ec2_request_latency_system_failure.csv,False,
2014-03-07 06:06:00+00:00,43.944,realKnownCause/ec2_request_latency_system_failure.csv,False,
2014-03-07 06:11:00+00:00,46.056,realKnownCause/ec2_request_latency_system_failure.csv,False,
2014-03-07 06:16:00+00:00,45.658,realKnownCause/ec2_request_latency_system_failure.csv,False,
2014-03-07 06:21:00+00:00,43.662,realKnownCause/ec2_request_latency_system_failure.csv,False,
2014-03-07 06:26:00+00:00,44.074,realKnownCause/ec2_request_latency_system_failure.csv,False,
2014-03-07 06:31:00+00:00,42.91,realKnownCause/ec2_request_latency_system_failure.csv,False,
2014-03-07 06:36:00+00:00,44.32,realKnownCause/ec2_request_latency_system_failure.csv,False,
2014-03-07 06:41:00+00:00,44.718,realKnownCause/ec2_request_latency_system_failure.csv,False,
2014-03-07 06:46:00+00:00,45.658,realKnownCause/ec2_request_latency_system_failure.csv,False,
2014-03-07 06:51:00+00:00,42.63,realKnownCause/ec2_request_latency_system_failure.csv,False,
2014-03-07 06:56:00+00:00,46.478,realKnownCause/ec2_request_latency_system_failure.csv,False,
2014-03-07 07:01:00+00:00,46.432,realKnownCause/ec2_request_latency_system_failure.csv,False,
2014-03-07 07:06:00+00:00,41.76600000000001,realKnownCause/ec2_request_latency_system_failure.csv,False,
2014-03-07 07:11:00+00:00,47.008,realKnownCause/ec2_request_latency_system_failure.csv,False,
2014-03-07 07:16:00+00:00,44.94600000000001,realKnownCause/ec2_request_latency_system_failure.csv,False,
2014-03-07 07:21:00+00:00,42.112,realKnownCause/ec2_request_latency_system_failure.csv,False,
2014-03-07 07:26:00+00:00,43.85,realKnownCause/ec2_request_latency_system_failure.csv,False,
2014-03-07 07:31:00+00:00,43.78,realKnownCause/ec2_request_latency_system_failure.csv,False,
2014-03-07 07:36:00+00:00,46.11,realKnownCause/ec2_request_latency_system_failure.csv,False,
2014-03-07 07:41:00+00:00,43.662,realKnownCause/ec2_request_latency_system_failure.csv,False,
2014-03-07 07:46:00+00:00,46.808,realKnownCause/ec2_request_latency_system_failure.csv,False,
2014-03-07 07:51:00+00:00,40.586,realKnownCause/ec2_request_latency_system_failure.csv,False,
2014-03-07 07:56:00+00:00,45.87,realKnownCause/ec2_request_latency_system_failure.csv,False,
2014-03-07 08:01:00+00:00,43.618,realKnownCause/ec2_request_latency_system_failure.csv,False,
2014-03-07 08:06:00+00:00,43.63800000000001,realKnownCause/ec2_request_latency_system_failure.csv,False,
2014-03-07 08:11:00+00:00,48.412,realKnownCause/ec2_request_latency_system_failure.csv,False,
2014-03-07 08:16:00+00:00,40.61,realKnownCause/ec2_request_latency_system_failure.csv,False,
2014-03-07 08:21:00+00:00,43.402,realKnownCause/ec2_request_latency_system_failure.csv,False,
2014-03-07 08:26:00+00:00,42.324,realKnownCause/ec2_request_latency_system_failure.csv,False,
2014-03-07 08:31:00+00:00,44.56399999999999,realKnownCause/ec2_request_latency_system_failure.csv,False,
2014-03-07 08:36:00+00:00,42.858,realKnownCause/ec2_request_latency_system_failure.csv,False,
2014-03-07 08:41:00+00:00,45.63800000000001,realKnownCause/ec2_request_latency_system_failure.csv,False,
2014-03-07 08:46:00+00:00,44.32,realKnownCause/ec2_request_latency_system_failure.csv,False,
2014-03-07 08:51:00+00:00,40.916,realKnownCause/ec2_request_latency_system_failure.csv,False,
2014-03-07 08:56:00+00:00,45.58600000000001,realKnownCause/ec2_request_latency_system_failure.csv,False,
2014-03-07 09:01:00+00:00,43.69600000000001,realKnownCause/ec2_request_latency_system_failure.csv,False,
2014-03-07 09:06:00+00:00,43.908,realKnownCause/ec2_request_latency_system_failure.csv,False,
2014-03-07 09:11:00+00:00,47.042,realKnownCause/ec2_request_latency_system_failure.csv,False,
2014-03-07 09:16:00+00:00,43.49800000000001,realKnownCause/ec2_request_latency_system_failure.csv,False,
2014-03-07 09:21:00+00:00,43.772,realKnownCause/ec2_request_latency_system_failure.csv,False,
2014-03-07 09:26:00+00:00,42.642,realKnownCause/ec2_request_latency_system_failure.csv,False,
2014-03-07 09:31:00+00:00,44.194,realKnownCause/ec2_request_latency_system_failure.csv,False,
2014-03-07 09:36:00+00:00,45.63399999999999,realKnownCause/ec2_request_latency_system_failure.csv,False,
2014-03-07 09:41:00+00:00,43.17,realKnownCause/ec2_request_latency_system_failure.csv,False,
2014-03-07 09:46:00+00:00,43.732,realKnownCause/ec2_request_latency_system_failure.csv,False,
2014-03-07 09:51:00+00:00,43.49800000000001,realKnownCause/ec2_request_latency_system_failure.csv,False,
2014-03-07 09:56:00+00:00,45.492,realKnownCause/ec2_request_latency_system_failure.csv,False,
2014-03-07 10:01:00+00:00,44.742,realKnownCause/ec2_request_latency_system_failure.csv,False,
2014-03-07 10:06:00+00:00,43.216,realKnownCause/ec2_request_latency_system_failure.csv,False,
2014-03-07 10:11:00+00:00,45.848,realKnownCause/ec2_request_latency_system_failure.csv,False,
2014-03-07 10:16:00+00:00,42.824,realKnownCause/ec2_request_latency_system_failure.csv,False,
2014-03-07 10:21:00+00:00,42.23,realKnownCause/ec2_request_latency_system_failure.csv,False,
2014-03-07 10:26:00+00:00,42.442,realKnownCause/ec2_request_latency_system_failure.csv,False,
2014-03-07 10:31:00+00:00,43.474,realKnownCause/ec2_request_latency_system_failure.csv,False,
2014-03-07 10:36:00+00:00,46.666,realKnownCause/ec2_request_latency_system_failure.csv,False,
2014-03-07 10:41:00+00:00,40.97,realKnownCause/ec2_request_latency_system_failure.csv,False,
2014-03-07 10:46:00+00:00,43.732,realKnownCause/ec2_request_latency_system_failure.csv,False,
2014-03-07 10:51:00+00:00,45.164,realKnownCause/ec2_request_latency_system_failure.csv,False,
2014-03-07 10:56:00+00:00,44.782,realKnownCause/ec2_request_latency_system_failure.csv,False,
2014-03-07 11:01:00+00:00,44.084,realKnownCause/ec2_request_latency_system_failure.csv,False,
2014-03-07 11:06:00+00:00,44.968,realKnownCause/ec2_request_latency_system_failure.csv,False,
2014-03-07 11:11:00+00:00,46.104,realKnownCause/ec2_request_latency_system_failure.csv,False,
2014-03-07 11:16:00+00:00,43.688,realKnownCause/ec2_request_latency_system_failure.csv,False,
2014-03-07 11:21:00+00:00,42.332,realKnownCause/ec2_request_latency_system_failure.csv,False,
2014-03-07 11:26:00+00:00,43.756,realKnownCause/ec2_request_latency_system_failure.csv,False,
2014-03-07 11:31:00+00:00,43.708,realKnownCause/ec2_request_latency_system_failure.csv,False,
2014-03-07 11:36:00+00:00,45.49800000000001,realKnownCause/ec2_request_latency_system_failure.csv,False,
2014-03-07 11:41:00+00:00,45.774,realKnownCause/ec2_request_latency_system_failure.csv,False,
2014-03-07 11:46:00+00:00,42.31,realKnownCause/ec2_request_latency_system_failure.csv,False,
2014-03-07 11:51:00+00:00,46.682,realKnownCause/ec2_request_latency_system_failure.csv,False,
2014-03-07 11:56:00+00:00,43.49800000000001,realKnownCause/ec2_request_latency_system_failure.csv,False,
2014-03-07 12:01:00+00:00,44.096,realKnownCause/ec2_request_latency_system_failure.csv,False,
2014-03-07 12:06:00+00:00,44.022,realKnownCause/ec2_request_latency_system_failure.csv,False,
2014-03-07 12:11:00+00:00,47.572,realKnownCause/ec2_request_latency_system_failure.csv,False,
2014-03-07 12:16:00+00:00,42.258,realKnownCause/ec2_request_latency_system_failure.csv,False,
2014-03-07 12:21:00+00:00,44.202,realKnownCause/ec2_request_latency_system_failure.csv,False,
2014-03-07 12:26:00+00:00,44.32,realKnownCause/ec2_request_latency_system_failure.csv,False,
2014-03-07 12:31:00+00:00,44.014,realKnownCause/ec2_request_latency_system_failure.csv,False,
2014-03-07 12:36:00+00:00,44.984,realKnownCause/ec2_request_latency_system_failure.csv,False,
2014-03-07 12:41:00+00:00,45.59,realKnownCause/ec2_request_latency_system_failure.csv,False,
2014-03-07 12:46:00+00:00,40.69,realKnownCause/ec2_request_latency_system_failure.csv,False,
2014-03-07 12:51:00+00:00,44.176,realKnownCause/ec2_request_latency_system_failure.csv,False,
2014-03-07 12:56:00+00:00,46.264,realKnownCause/ec2_request_latency_system_failure.csv,False,
2014-03-07 13:01:00+00:00,44.108,realKnownCause/ec2_request_latency_system_failure.csv,False,
2014-03-07 13:06:00+00:00,45.58600000000001,realKnownCause/ec2_request_latency_system_failure.csv,False,
2014-03-07 13:11:00+00:00,44.9,realKnownCause/ec2_request_latency_system_failure.csv,False,
2014-03-07 13:16:00+00:00,43.58600000000001,realKnownCause/ec2_request_latency_system_failure.csv,False,
2014-03-07 13:21:00+00:00,43.556,realKnownCause/ec2_request_latency_system_failure.csv,False,
2014-03-07 13:26:00+00:00,45.774,realKnownCause/ec2_request_latency_system_failure.csv,False,
2014-03-07 13:31:00+00:00,43.122,realKnownCause/ec2_request_latency_system_failure.csv,False,
2014-03-07 13:36:00+00:00,44.83600000000001,realKnownCause/ec2_request_latency_system_failure.csv,False,
2014-03-07 13:41:00+00:00,47.37,realKnownCause/ec2_request_latency_system_failure.csv,False,
2014-03-07 13:46:00+00:00,42.03,realKnownCause/ec2_request_latency_system_failure.csv,False,
2014-03-07 13:51:00+00:00,45.61,realKnownCause/ec2_request_latency_system_failure.csv,False,
2014-03-07 13:56:00+00:00,44.962,realKnownCause/ec2_request_latency_system_failure.csv,False,
2014-03-07 14:01:00+00:00,44.812,realKnownCause/ec2_request_latency_system_failure.csv,False,
2014-03-07 14:06:00+00:00,45.63399999999999,realKnownCause/ec2_request_latency_system_failure.csv,False,
2014-03-07 14:11:00+00:00,44.51600000000001,realKnownCause/ec2_request_latency_system_failure.csv,False,
2014-03-07 14:16:00+00:00,45.164,realKnownCause/ec2_request_latency_system_failure.csv,False,
2014-03-07 14:21:00+00:00,43.56800000000001,realKnownCause/ec2_request_latency_system_failure.csv,False,
2014-03-07 14:26:00+00:00,45.216,realKnownCause/ec2_request_latency_system_failure.csv,False,
2014-03-07 14:31:00+00:00,42.88800000000001,realKnownCause/ec2_request_latency_system_failure.csv,False,
2014-03-07 14:36:00+00:00,44.70399999999999,realKnownCause/ec2_request_latency_system_failure.csv,False,
2014-03-07 14:41:00+00:00,46.288,realKnownCause/ec2_request_latency_system_failure.csv,False,
2014-03-07 14:46:00+00:00,42.606,realKnownCause/ec2_request_latency_system_failure.csv,False,
2014-03-07 14:51:00+00:00,44.622,realKnownCause/ec2_request_latency_system_failure.csv,False,
2014-03-07 14:56:00+00:00,45.962,realKnownCause/ec2_request_latency_system_failure.csv,False,
2014-03-07 15:01:00+00:00,46.236,realKnownCause/ec2_request_latency_system_failure.csv,False,
2014-03-07 15:06:00+00:00,43.262,realKnownCause/ec2_request_latency_system_failure.csv,False,
2014-03-07 15:11:00+00:00,43.942,realKnownCause/ec2_request_latency_system_failure.csv,False,
2014-03-07 15:16:00+00:00,42.582,realKnownCause/ec2_request_latency_system_failure.csv,False,
2014-03-07 15:21:00+00:00,43.67,realKnownCause/ec2_request_latency_system_failure.csv,False,
2014-03-07 15:26:00+00:00,44.142,realKnownCause/ec2_request_latency_system_failure.csv,False,
2014-03-07 15:31:00+00:00,43.79,realKnownCause/ec2_request_latency_system_failure.csv,False,
2014-03-07 15:36:00+00:00,44.882,realKnownCause/ec2_request_latency_system_failure.csv,False,
2014-03-07 15:41:00+00:00,48.68600000000001,realKnownCause/ec2_request_latency_system_failure.csv,False,
2014-03-07 15:46:00+00:00,40.938,realKnownCause/ec2_request_latency_system_failure.csv,False,
2014-03-07 15:51:00+00:00,45.58600000000001,realKnownCause/ec2_request_latency_system_failure.csv,False,
2014-03-07 15:56:00+00:00,45.734,realKnownCause/ec2_request_latency_system_failure.csv,False,
2014-03-07 16:01:00+00:00,44.554,realKnownCause/ec2_request_latency_system_failure.csv,False,
2014-03-07 16:06:00+00:00,44.43600000000001,realKnownCause/ec2_request_latency_system_failure.csv,False,
2014-03-07 16:11:00+00:00,47.676,realKnownCause/ec2_request_latency_system_failure.csv,False,
2014-03-07 16:16:00+00:00,42.606,realKnownCause/ec2_request_latency_system_failure.csv,False,
2014-03-07 16:21:00+00:00,45.492,realKnownCause/ec2_request_latency_system_failure.csv,False,
2014-03-07 16:26:00+00:00,43.08600000000001,realKnownCause/ec2_request_latency_system_failure.csv,False,
2014-03-07 16:31:00+00:00,45.306,realKnownCause/ec2_request_latency_system_failure.csv,False,
2014-03-07 16:36:00+00:00,43.536,realKnownCause/ec2_request_latency_system_failure.csv,False,
2014-03-07 16:41:00+00:00,45.694,realKnownCause/ec2_request_latency_system_failure.csv,False,
2014-03-07 16:46:00+00:00,43.24,realKnownCause/ec2_request_latency_system_failure.csv,False,
2014-03-07 16:51:00+00:00,43.122,realKnownCause/ec2_request_latency_system_failure.csv,False,
2014-03-07 16:56:00+00:00,46.338,realKnownCause/ec2_request_latency_system_failure.csv,False,
2014-03-07 17:01:00+00:00,45.822,realKnownCause/ec2_request_latency_system_failure.csv,False,
2014-03-07 17:06:00+00:00,43.098,realKnownCause/ec2_request_latency_system_failure.csv,False,
2014-03-07 17:11:00+00:00,47.746,realKnownCause/ec2_request_latency_system_failure.csv,False,
2014-03-07 17:16:00+00:00,44.428,realKnownCause/ec2_request_latency_system_failure.csv,False,
2014-03-07 17:21:00+00:00,42.834,realKnownCause/ec2_request_latency_system_failure.csv,False,
2014-03-07 17:26:00+00:00,44.758,realKnownCause/ec2_request_latency_system_failure.csv,False,
2014-03-07 17:31:00+00:00,45.892,realKnownCause/ec2_request_latency_system_failure.csv,False,
2014-03-07 17:36:00+00:00,49.014,realKnownCause/ec2_request_latency_system_failure.csv,False,
2014-03-07 17:41:00+00:00,43.522,realKnownCause/ec2_request_latency_system_failure.csv,False,
2014-03-07 17:46:00+00:00,45.63399999999999,realKnownCause/ec2_request_latency_system_failure.csv,False,
2014-03-07 17:51:00+00:00,42.544,realKnownCause/ec2_request_latency_system_failure.csv,False,
2014-03-07 17:56:00+00:00,44.994,realKnownCause/ec2_request_latency_system_failure.csv,False,
2014-03-07 18:01:00+00:00,47.08,realKnownCause/ec2_request_latency_system_failure.csv,False,
2014-03-07 18:06:00+00:00,45.24,realKnownCause/ec2_request_latency_system_failure.csv,False,
2014-03-07 18:11:00+00:00,44.084,realKnownCause/ec2_request_latency_system_failure.csv,False,
2014-03-07 18:16:00+00:00,45.79,realKnownCause/ec2_request_latency_system_failure.csv,False,
2014-03-07 18:21:00+00:00,43.24800000000001,realKnownCause/ec2_request_latency_system_failure.csv,False,
2014-03-07 18:26:00+00:00,46.848,realKnownCause/ec2_request_latency_system_failure.csv,False,
2014-03-07 18:31:00+00:00,42.864,realKnownCause/ec2_request_latency_system_failure.csv,False,
2014-03-07 18:36:00+00:00,44.202,realKnownCause/ec2_request_latency_system_failure.csv,False,
2014-03-07 18:41:00+00:00,45.916,realKnownCause/ec2_request_latency_system_failure.csv,False,
2014-03-07 18:46:00+00:00,43.924,realKnownCause/ec2_request_latency_system_failure.csv,False,
2014-03-07 18:51:00+00:00,42.992,realKnownCause/ec2_request_latency_system_failure.csv,False,
2014-03-07 18:56:00+00:00,46.38399999999999,realKnownCause/ec2_request_latency_system_failure.csv,False,
2014-03-07 19:01:00+00:00,45.774,realKnownCause/ec2_request_latency_system_failure.csv,False,
2014-03-07 19:06:00+00:00,43.816,realKnownCause/ec2_request_latency_system_failure.csv,False,
2014-03-07 19:11:00+00:00,46.69,realKnownCause/ec2_request_latency_system_failure.csv,False,
2014-03-07 19:16:00+00:00,42.394,realKnownCause/ec2_request_latency_system_failure.csv,False,
2014-03-07 19:21:00+00:00,44.6,realKnownCause/ec2_request_latency_system_failure.csv,False,
2014-03-07 19:26:00+00:00,44.038,realKnownCause/ec2_request_latency_system_failure.csv,False,
2014-03-07 19:31:00+00:00,46.12600000000001,realKnownCause/ec2_request_latency_system_failure.csv,False,
2014-03-07 19:36:00+00:00,46.644,realKnownCause/ec2_request_latency_system_failure.csv,False,
2014-03-07 19:41:00+00:00,42.63800000000001,realKnownCause/ec2_request_latency_system_failure.csv,False,
2014-03-07 19:46:00+00:00,45.23,realKnownCause/ec2_request_latency_system_failure.csv,False,
2014-03-07 19:51:00+00:00,45.986,realKnownCause/ec2_request_latency_system_failure.csv,False,
2014-03-07 19:56:00+00:00,45.07,realKnownCause/ec2_request_latency_system_failure.csv,False,
2014-03-07 20:01:00+00:00,44.394,realKnownCause/ec2_request_latency_system_failure.csv,False,
2014-03-07 20:06:00+00:00,44.788,realKnownCause/ec2_request_latency_system_failure.csv,False,
2014-03-07 20:11:00+00:00,48.874,realKnownCause/ec2_request_latency_system_failure.csv,False,
2014-03-07 20:16:00+00:00,41.972,realKnownCause/ec2_request_latency_system_failure.csv,False,
2014-03-07 20:21:00+00:00,45.56800000000001,realKnownCause/ec2_request_latency_system_failure.csv,False,
2014-03-07 20:26:00+00:00,43.122,realKnownCause/ec2_request_latency_system_failure.csv,False,
2014-03-07 20:31:00+00:00,44.202,realKnownCause/ec2_request_latency_system_failure.csv,False,
2014-03-07 20:36:00+00:00,44.554,realKnownCause/ec2_request_latency_system_failure.csv,False,
2014-03-07 20:41:00+00:00,44.882,realKnownCause/ec2_request_latency_system_failure.csv,False,
2014-03-07 20:46:00+00:00,45.258,realKnownCause/ec2_request_latency_system_failure.csv,False,
2014-03-07 20:51:00+00:00,44.36600000000001,realKnownCause/ec2_request_latency_system_failure.csv,False,
2014-03-07 20:56:00+00:00,45.606,realKnownCause/ec2_request_latency_system_failure.csv,False,
2014-03-07 21:01:00+00:00,44.43600000000001,realKnownCause/ec2_request_latency_system_failure.csv,False,
2014-03-07 21:06:00+00:00,44.226000000000006,realKnownCause/ec2_request_latency_system_failure.csv,False,
2014-03-07 21:11:00+00:00,47.476000000000006,realKnownCause/ec2_request_latency_system_failure.csv,False,
2014-03-07 21:16:00+00:00,45.164,realKnownCause/ec2_request_latency_system_failure.csv,False,
2014-03-07 21:21:00+00:00,42.91,realKnownCause/ec2_request_latency_system_failure.csv,False,
2014-03-07 21:26:00+00:00,46.784,realKnownCause/ec2_request_latency_system_failure.csv,False,
2014-03-07 21:31:00+00:00,42.54,realKnownCause/ec2_request_latency_system_failure.csv,False,
2014-03-07 21:36:00+00:00,45.404,realKnownCause/ec2_request_latency_system_failure.csv,False,
2014-03-07 21:41:00+00:00,46.198,realKnownCause/ec2_request_latency_system_failure.csv,False,
2014-03-07 21:46:00+00:00,46.338,realKnownCause/ec2_request_latency_system_failure.csv,False,
2014-03-07 21:51:00+00:00,42.536,realKnownCause/ec2_request_latency_system_failure.csv,False,
2014-03-07 21:56:00+00:00,46.5,realKnownCause/ec2_request_latency_system_failure.csv,False,
2014-03-07 22:01:00+00:00,45.88399999999999,realKnownCause/ec2_request_latency_system_failure.csv,False,
2014-03-07 22:06:00+00:00,43.45,realKnownCause/ec2_request_latency_system_failure.csv,False,
2014-03-07 22:11:00+00:00,46.252,realKnownCause/ec2_request_latency_system_failure.csv,False,
2014-03-07 22:16:00+00:00,46.08,realKnownCause/ec2_request_latency_system_failure.csv,False,
2014-03-07 22:21:00+00:00,42.77,realKnownCause/ec2_request_latency_system_failure.csv,False,
2014-03-07 22:26:00+00:00,44.648,realKnownCause/ec2_request_latency_system_failure.csv,False,
2014-03-07 22:31:00+00:00,43.36600000000001,realKnownCause/ec2_request_latency_system_failure.csv,False,
2014-03-07 22:36:00+00:00,45.46,realKnownCause/ec2_request_latency_system_failure.csv,False,
2014-03-07 22:41:00+00:00,44.508,realKnownCause/ec2_request_latency_system_failure.csv,False,
2014-03-07 22:46:00+00:00,43.15600000000001,realKnownCause/ec2_request_latency_system_failure.csv,False,
2014-03-07 22:51:00+00:00,46.432,realKnownCause/ec2_request_latency_system_failure.csv,False,
2014-03-07 22:56:00+00:00,44.83600000000001,realKnownCause/ec2_request_latency_system_failure.csv,False,
2014-03-07 23:01:00+00:00,44.43600000000001,realKnownCause/ec2_request_latency_system_failure.csv,False,
2014-03-07 23:06:00+00:00,45.0,realKnownCause/ec2_request_latency_system_failure.csv,False,
2014-03-07 23:11:00+00:00,47.664,realKnownCause/ec2_request_latency_system_failure.csv,False,
2014-03-07 23:16:00+00:00,43.874,realKnownCause/ec2_request_latency_system_failure.csv,False,
2014-03-07 23:21:00+00:00,45.624,realKnownCause/ec2_request_latency_system_failure.csv,False,
2014-03-07 23:26:00+00:00,48.38,realKnownCause/ec2_request_latency_system_failure.csv,False,
2014-03-07 23:31:00+00:00,41.738,realKnownCause/ec2_request_latency_system_failure.csv,False,
2014-03-07 23:36:00+00:00,45.44600000000001,realKnownCause/ec2_request_latency_system_failure.csv,False,
2014-03-07 23:41:00+00:00,46.644,realKnownCause/ec2_request_latency_system_failure.csv,False,
2014-03-07 23:46:00+00:00,46.352,realKnownCause/ec2_request_latency_system_failure.csv,False,
2014-03-07 23:51:00+00:00,45.142,realKnownCause/ec2_request_latency_system_failure.csv,False,
2014-03-07 23:56:00+00:00,45.606,realKnownCause/ec2_request_latency_system_failure.csv,False,
2014-03-08 00:01:00+00:00,46.39,realKnownCause/ec2_request_latency_system_failure.csv,False,
2014-03-08 00:06:00+00:00,43.31,realKnownCause/ec2_request_latency_system_failure.csv,False,
2014-03-08 00:11:00+00:00,48.12,realKnownCause/ec2_request_latency_system_failure.csv,False,
2014-03-08 00:16:00+00:00,44.334,realKnownCause/ec2_request_latency_system_failure.csv,False,
2014-03-08 00:21:00+00:00,44.794,realKnownCause/ec2_request_latency_system_failure.csv,False,
2014-03-08 00:26:00+00:00,46.76,realKnownCause/ec2_request_latency_system_failure.csv,False,
2014-03-08 00:31:00+00:00,45.088,realKnownCause/ec2_request_latency_system_failure.csv,False,
2014-03-08 00:36:00+00:00,43.392,realKnownCause/ec2_request_latency_system_failure.csv,False,
2014-03-08 00:41:00+00:00,44.882,realKnownCause/ec2_request_latency_system_failure.csv,False,
2014-03-08 00:46:00+00:00,44.86,realKnownCause/ec2_request_latency_system_failure.csv,False,
2014-03-08 00:51:00+00:00,45.112,realKnownCause/ec2_request_latency_system_failure.csv,False,
2014-03-08 00:56:00+00:00,46.784,realKnownCause/ec2_request_latency_system_failure.csv,False,
2014-03-08 01:01:00+00:00,46.996,realKnownCause/ec2_request_latency_system_failure.csv,False,
2014-03-08 01:06:00+00:00,44.68,realKnownCause/ec2_request_latency_system_failure.csv,False,
2014-03-08 01:11:00+00:00,45.492,realKnownCause/ec2_request_latency_system_failure.csv,False,
2014-03-08 01:16:00+00:00,44.578,realKnownCause/ec2_request_latency_system_failure.csv,False,
2014-03-08 01:21:00+00:00,43.36,realKnownCause/ec2_request_latency_system_failure.csv,False,
2014-03-08 01:26:00+00:00,45.83,realKnownCause/ec2_request_latency_system_failure.csv,False,
2014-03-08 01:31:00+00:00,44.88800000000001,realKnownCause/ec2_request_latency_system_failure.csv,False,
2014-03-08 01:36:00+00:00,44.4,realKnownCause/ec2_request_latency_system_failure.csv,False,
2014-03-08 01:41:00+00:00,47.558,realKnownCause/ec2_request_latency_system_failure.csv,False,
2014-03-08 01:46:00+00:00,45.014,realKnownCause/ec2_request_latency_system_failure.csv,False,
2014-03-08 01:51:00+00:00,43.732,realKnownCause/ec2_request_latency_system_failure.csv,False,
2014-03-08 01:56:00+00:00,46.854,realKnownCause/ec2_request_latency_system_failure.csv,False,
2014-03-08 02:01:00+00:00,46.244,realKnownCause/ec2_request_latency_system_failure.csv,False,
2014-03-08 02:06:00+00:00,42.958,realKnownCause/ec2_request_latency_system_failure.csv,False,
2014-03-08 02:11:00+00:00,46.644,realKnownCause/ec2_request_latency_system_failure.csv,False,
2014-03-08 02:16:00+00:00,47.548,realKnownCause/ec2_request_latency_system_failure.csv,False,
2014-03-08 02:21:00+00:00,40.658,realKnownCause/ec2_request_latency_system_failure.csv,False,
2014-03-08 02:26:00+00:00,44.718,realKnownCause/ec2_request_latency_system_failure.csv,False,
2014-03-08 02:31:00+00:00,46.58600000000001,realKnownCause/ec2_request_latency_system_failure.csv,False,
2014-03-08 02:36:00+00:00,44.12,realKnownCause/ec2_request_latency_system_failure.csv,False,
2014-03-08 02:41:00+00:00,43.802,realKnownCause/ec2_request_latency_system_failure.csv,False,
2014-03-08 02:46:00+00:00,45.024,realKnownCause/ec2_request_latency_system_failure.csv,False,
2014-03-08 02:51:00+00:00,46.362,realKnownCause/ec2_request_latency_system_failure.csv,False,
2014-03-08 02:56:00+00:00,47.464,realKnownCause/ec2_request_latency_system_failure.csv,False,
2014-03-08 03:01:00+00:00,44.06800000000001,realKnownCause/ec2_request_latency_system_failure.csv,False,
2014-03-08 03:06:00+00:00,44.084,realKnownCause/ec2_request_latency_system_failure.csv,False,
2014-03-08 03:11:00+00:00,46.644,realKnownCause/ec2_request_latency_system_failure.csv,False,
2014-03-08 03:16:00+00:00,46.298,realKnownCause/ec2_request_latency_system_failure.csv,False,
2014-03-08 03:21:00+00:00,45.29,realKnownCause/ec2_request_latency_system_failure.csv,False,
2014-03-08 03:26:00+00:00,44.538,realKnownCause/ec2_request_latency_system_failure.csv,False,
2014-03-08 03:31:00+00:00,45.78,realKnownCause/ec2_request_latency_system_failure.csv,False,
2014-03-08 03:36:00+00:00,45.932,realKnownCause/ec2_request_latency_system_failure.csv,False,
2014-03-08 03:41:00+00:00,46.096,realKnownCause/ec2_request_latency_system_failure.csv,False,
2014-03-08 03:46:00+00:00,44.812,realKnownCause/ec2_request_latency_system_failure.csv,False,
2014-03-08 03:51:00+00:00,47.058,realKnownCause/ec2_request_latency_system_failure.csv,False,
2014-03-08 03:56:00+00:00,44.79600000000001,realKnownCause/ec2_request_latency_system_failure.csv,False,
2014-03-08 04:01:00+00:00,44.578,realKnownCause/ec2_request_latency_system_failure.csv,False,
2014-03-08 04:06:00+00:00,47.348,realKnownCause/ec2_request_latency_system_failure.csv,False,
2014-03-08 04:11:00+00:00,42.794,realKnownCause/ec2_request_latency_system_failure.csv,False,
2014-03-08 04:16:00+00:00,44.648,realKnownCause/ec2_request_latency_system_failure.csv,False,
2014-03-08 04:21:00+00:00,46.596,realKnownCause/ec2_request_latency_system_failure.csv,False,
2014-03-08 04:26:00+00:00,43.21,realKnownCause/ec2_request_latency_system_failure.csv,False,
2014-03-08 04:31:00+00:00,45.14,realKnownCause/ec2_request_latency_system_failure.csv,False,
2014-03-08 04:36:00+00:00,45.094,realKnownCause/ec2_request_latency_system_failure.csv,False,
2014-03-08 04:41:00+00:00,46.312,realKnownCause/ec2_request_latency_system_failure.csv,False,
2014-03-08 04:46:00+00:00,42.584,realKnownCause/ec2_request_latency_system_failure.csv,False,
2014-03-08 04:51:00+00:00,47.394,realKnownCause/ec2_request_latency_system_failure.csv,False,
2014-03-08 04:56:00+00:00,43.1,realKnownCause/ec2_request_latency_system_failure.csv,False,
2014-03-08 05:01:00+00:00,44.448,realKnownCause/ec2_request_latency_system_failure.csv,False,
2014-03-08 05:06:00+00:00,44.202,realKnownCause/ec2_request_latency_system_failure.csv,False,
2014-03-08 05:11:00+00:00,46.784,realKnownCause/ec2_request_latency_system_failure.csv,False,
2014-03-08 05:16:00+00:00,45.986,realKnownCause/ec2_request_latency_system_failure.csv,False,
2014-03-08 05:21:00+00:00,44.508,realKnownCause/ec2_request_latency_system_failure.csv,False,
2014-03-08 05:26:00+00:00,43.63399999999999,realKnownCause/ec2_request_latency_system_failure.csv,False,
2014-03-08 05:31:00+00:00,42.974,realKnownCause/ec2_request_latency_system_failure.csv,False,
2014-03-08 05:36:00+00:00,44.87,realKnownCause/ec2_request_latency_system_failure.csv,False,
2014-03-08 05:41:00+00:00,45.714,realKnownCause/ec2_request_latency_system_failure.csv,False,
2014-03-08 05:46:00+00:00,44.53,realKnownCause/ec2_request_latency_system_failure.csv,False,
2014-03-08 05:51:00+00:00,47.392,realKnownCause/ec2_request_latency_system_failure.csv,False,
2014-03-08 05:56:00+00:00,42.88800000000001,realKnownCause/ec2_request_latency_system_failure.csv,False,
2014-03-08 06:01:00+00:00,43.78,realKnownCause/ec2_request_latency_system_failure.csv,False,
2014-03-08 06:06:00+00:00,44.39,realKnownCause/ec2_request_latency_system_failure.csv,False,
2014-03-08 06:11:00+00:00,46.174,realKnownCause/ec2_request_latency_system_failure.csv,False,
2014-03-08 06:16:00+00:00,45.37600000000001,realKnownCause/ec2_request_latency_system_failure.csv,False,
2014-03-08 06:21:00+00:00,44.32,realKnownCause/ec2_request_latency_system_failure.csv,False,
2014-03-08 06:26:00+00:00,42.512,realKnownCause/ec2_request_latency_system_failure.csv,False,
2014-03-08 06:31:00+00:00,45.396,realKnownCause/ec2_request_latency_system_failure.csv,False,
2014-03-08 06:36:00+00:00,44.038,realKnownCause/ec2_request_latency_system_failure.csv,False,
2014-03-08 06:41:00+00:00,42.40600000000001,realKnownCause/ec2_request_latency_system_failure.csv,False,
2014-03-08 06:46:00+00:00,43.92,realKnownCause/ec2_request_latency_system_failure.csv,False,
2014-03-08 06:51:00+00:00,46.056,realKnownCause/ec2_request_latency_system_failure.csv,False,
2014-03-08 06:56:00+00:00,44.43600000000001,realKnownCause/ec2_request_latency_system_failure.csv,False,
2014-03-08 07:01:00+00:00,45.078,realKnownCause/ec2_request_latency_system_failure.csv,False,
2014-03-08 07:06:00+00:00,42.87600000000001,realKnownCause/ec2_request_latency_system_failure.csv,False,
2014-03-08 07:11:00+00:00,47.23,realKnownCause/ec2_request_latency_system_failure.csv,False,
2014-03-08 07:16:00+00:00,46.174,realKnownCause/ec2_request_latency_system_failure.csv,False,
2014-03-08 07:21:00+00:00,40.798,realKnownCause/ec2_request_latency_system_failure.csv,False,
2014-03-08 07:26:00+00:00,44.1,realKnownCause/ec2_request_latency_system_failure.csv,False,
2014-03-08 07:31:00+00:00,43.788,realKnownCause/ec2_request_latency_system_failure.csv,False,
2014-03-08 07:36:00+00:00,44.742,realKnownCause/ec2_request_latency_system_failure.csv,False,
2014-03-08 07:41:00+00:00,44.938,realKnownCause/ec2_request_latency_system_failure.csv,False,
2014-03-08 07:46:00+00:00,48.36600000000001,realKnownCause/ec2_request_latency_system_failure.csv,False,
2014-03-08 07:51:00+00:00,39.718,realKnownCause/ec2_request_latency_system_failure.csv,False,
2014-03-08 07:56:00+00:00,45.684,realKnownCause/ec2_request_latency_system_failure.csv,False,
2014-03-08 08:01:00+00:00,43.978,realKnownCause/ec2_request_latency_system_failure.csv,False,
2014-03-08 08:06:00+00:00,45.094,realKnownCause/ec2_request_latency_system_failure.csv,False,
2014-03-08 08:11:00+00:00,43.122,realKnownCause/ec2_request_latency_system_failure.csv,False,
2014-03-08 08:16:00+00:00,45.658,realKnownCause/ec2_request_latency_system_failure.csv,False,
2014-03-08 08:21:00+00:00,41.83,realKnownCause/ec2_request_latency_system_failure.csv,False,
2014-03-08 08:26:00+00:00,44.83600000000001,realKnownCause/ec2_request_latency_system_failure.csv,False,
2014-03-08 08:31:00+00:00,42.558,realKnownCause/ec2_request_latency_system_failure.csv,False,
2014-03-08 08:36:00+00:00,44.508,realKnownCause/ec2_request_latency_system_failure.csv,False,
2014-03-08 08:41:00+00:00,42.354,realKnownCause/ec2_request_latency_system_failure.csv,False,
2014-03-08 08:46:00+00:00,45.36600000000001,realKnownCause/ec2_request_latency_system_failure.csv,False,
2014-03-08 08:51:00+00:00,41.972,realKnownCause/ec2_request_latency_system_failure.csv,False,
2014-03-08 08:56:00+00:00,45.70399999999999,realKnownCause/ec2_request_latency_system_failure.csv,False,
2014-03-08 09:01:00+00:00,44.63,realKnownCause/ec2_request_latency_system_failure.csv,False,
2014-03-08 09:06:00+00:00,42.042,realKnownCause/ec2_request_latency_system_failure.csv,False,
2014-03-08 09:11:00+00:00,46.012,realKnownCause/ec2_request_latency_system_failure.csv,False,
2014-03-08 09:16:00+00:00,45.56399999999999,realKnownCause/ec2_request_latency_system_failure.csv,False,
2014-03-08 09:21:00+00:00,43.56,realKnownCause/ec2_request_latency_system_failure.csv,False,
2014-03-08 09:26:00+00:00,42.184,realKnownCause/ec2_request_latency_system_failure.csv,False,
2014-03-08 09:31:00+00:00,43.662,realKnownCause/ec2_request_latency_system_failure.csv,False,
2014-03-08 09:36:00+00:00,45.47,realKnownCause/ec2_request_latency_system_failure.csv,False,
2014-03-08 09:41:00+00:00,43.334,realKnownCause/ec2_request_latency_system_failure.csv,False,
2014-03-08 09:46:00+00:00,46.198,realKnownCause/ec2_request_latency_system_failure.csv,False,
2014-03-08 09:51:00+00:00,40.774,realKnownCause/ec2_request_latency_system_failure.csv,False,
2014-03-08 09:56:00+00:00,45.892,realKnownCause/ec2_request_latency_system_failure.csv,False,
2014-03-08 10:01:00+00:00,43.63800000000001,realKnownCause/ec2_request_latency_system_failure.csv,False,
2014-03-08 10:06:00+00:00,44.90600000000001,realKnownCause/ec2_request_latency_system_failure.csv,False,
2014-03-08 10:11:00+00:00,45.438,realKnownCause/ec2_request_latency_system_failure.csv,False,
2014-03-08 10:16:00+00:00,44.276,realKnownCause/ec2_request_latency_system_failure.csv,False,
2014-03-08 10:21:00+00:00,41.924,realKnownCause/ec2_request_latency_system_failure.csv,False,
2014-03-08 10:26:00+00:00,43.334,realKnownCause/ec2_request_latency_system_failure.csv,False,
2014-03-08 10:31:00+00:00,44.896,realKnownCause/ec2_request_latency_system_failure.csv,False,
2014-03-08 10:36:00+00:00,42.752,realKnownCause/ec2_request_latency_system_failure.csv,False,
2014-03-08 10:41:00+00:00,43.38,realKnownCause/ec2_request_latency_system_failure.csv,False,
2014-03-08 10:46:00+00:00,46.38399999999999,realKnownCause/ec2_request_latency_system_failure.csv,False,
2014-03-08 10:51:00+00:00,40.306,realKnownCause/ec2_request_latency_system_failure.csv,False,
2014-03-08 10:56:00+00:00,45.774,realKnownCause/ec2_request_latency_system_failure.csv,False,
2014-03-08 11:01:00+00:00,43.544,realKnownCause/ec2_request_latency_system_failure.csv,False,
2014-03-08 11:06:00+00:00,43.756,realKnownCause/ec2_request_latency_system_failure.csv,False,
2014-03-08 11:11:00+00:00,44.882,realKnownCause/ec2_request_latency_system_failure.csv,False,
2014-03-08 11:16:00+00:00,47.158,realKnownCause/ec2_request_latency_system_failure.csv,False,
2014-03-08 11:21:00+00:00,41.784,realKnownCause/ec2_request_latency_system_failure.csv,False,
2014-03-08 11:26:00+00:00,42.458,realKnownCause/ec2_request_latency_system_failure.csv,False,
2014-03-08 11:31:00+00:00,43.544,realKnownCause/ec2_request_latency_system_failure.csv,False,
2014-03-08 11:36:00+00:00,44.272,realKnownCause/ec2_request_latency_system_failure.csv,False,
2014-03-08 11:41:00+00:00,44.976000000000006,realKnownCause/ec2_request_latency_system_failure.csv,False,
2014-03-08 11:46:00+00:00,44.86,realKnownCause/ec2_request_latency_system_failure.csv,False,
2014-03-08 11:51:00+00:00,44.36600000000001,realKnownCause/ec2_request_latency_system_failure.csv,False,
2014-03-08 11:56:00+00:00,44.018,realKnownCause/ec2_request_latency_system_failure.csv,False,
2014-03-08 12:01:00+00:00,42.674,realKnownCause/ec2_request_latency_system_failure.csv,False,
2014-03-08 12:06:00+00:00,45.328,realKnownCause/ec2_request_latency_system_failure.csv,False,
2014-03-08 12:11:00+00:00,44.014,realKnownCause/ec2_request_latency_system_failure.csv,False,
2014-03-08 12:16:00+00:00,45.70399999999999,realKnownCause/ec2_request_latency_system_failure.csv,False,
2014-03-08 12:21:00+00:00,41.76,realKnownCause/ec2_request_latency_system_failure.csv,False,
2014-03-08 12:26:00+00:00,43.468,realKnownCause/ec2_request_latency_system_failure.csv,False,
2014-03-08 12:31:00+00:00,46.38,realKnownCause/ec2_request_latency_system_failure.csv,False,
2014-03-08 12:36:00+00:00,41.278,realKnownCause/ec2_request_latency_system_failure.csv,False,
2014-03-08 12:41:00+00:00,44.084,realKnownCause/ec2_request_latency_system_failure.csv,False,
2014-03-08 12:46:00+00:00,45.422,realKnownCause/ec2_request_latency_system_failure.csv,False,
2014-03-08 12:51:00+00:00,42.136,realKnownCause/ec2_request_latency_system_failure.csv,False,
2014-03-08 12:56:00+00:00,46.362,realKnownCause/ec2_request_latency_system_failure.csv,False,
2014-03-08 13:01:00+00:00,44.178,realKnownCause/ec2_request_latency_system_failure.csv,False,
2014-03-08 13:06:00+00:00,44.32,realKnownCause/ec2_request_latency_system_failure.csv,False,
2014-03-08 13:11:00+00:00,49.238,realKnownCause/ec2_request_latency_system_failure.csv,False,
2014-03-08 13:16:00+00:00,41.644,realKnownCause/ec2_request_latency_system_failure.csv,False,
2014-03-08 13:21:00+00:00,44.694,realKnownCause/ec2_request_latency_system_failure.csv,False,
2014-03-08 13:26:00+00:00,42.864,realKnownCause/ec2_request_latency_system_failure.csv,False,
2014-03-08 13:31:00+00:00,44.108,realKnownCause/ec2_request_latency_system_failure.csv,False,
2014-03-08 13:36:00+00:00,44.742,realKnownCause/ec2_request_latency_system_failure.csv,False,
2014-03-08 13:41:00+00:00,45.188,realKnownCause/ec2_request_latency_system_failure.csv,False,
2014-03-08 13:46:00+00:00,47.464,realKnownCause/ec2_request_latency_system_failure.csv,False,
2014-03-08 13:51:00+00:00,42.344,realKnownCause/ec2_request_latency_system_failure.csv,False,
2014-03-08 13:56:00+00:00,44.414,realKnownCause/ec2_request_latency_system_failure.csv,False,
2014-03-08 14:01:00+00:00,44.32,realKnownCause/ec2_request_latency_system_failure.csv,False,
2014-03-08 14:06:00+00:00,44.272,realKnownCause/ec2_request_latency_system_failure.csv,False,
2014-03-08 14:11:00+00:00,46.528,realKnownCause/ec2_request_latency_system_failure.csv,False,
2014-03-08 14:16:00+00:00,45.986,realKnownCause/ec2_request_latency_system_failure.csv,False,
2014-03-08 14:21:00+00:00,42.512,realKnownCause/ec2_request_latency_system_failure.csv,False,
2014-03-08 14:26:00+00:00,45.61,realKnownCause/ec2_request_latency_system_failure.csv,False,
2014-03-08 14:31:00+00:00,44.44,realKnownCause/ec2_request_latency_system_failure.csv,False,
2014-03-08 14:36:00+00:00,42.982,realKnownCause/ec2_request_latency_system_failure.csv,False,
2014-03-08 14:41:00+00:00,44.24800000000001,realKnownCause/ec2_request_latency_system_failure.csv,False,
2014-03-08 14:46:00+00:00,45.846,realKnownCause/ec2_request_latency_system_failure.csv,False,
2014-03-08 14:51:00+00:00,42.356,realKnownCause/ec2_request_latency_system_failure.csv,False,
2014-03-08 14:56:00+00:00,46.924,realKnownCause/ec2_request_latency_system_failure.csv,False,
2014-03-08 15:01:00+00:00,45.024,realKnownCause/ec2_request_latency_system_failure.csv,False,
2014-03-08 15:06:00+00:00,43.076,realKnownCause/ec2_request_latency_system_failure.csv,False,
2014-03-08 15:11:00+00:00,46.408,realKnownCause/ec2_request_latency_system_failure.csv,False,
2014-03-08 15:16:00+00:00,47.09,realKnownCause/ec2_request_latency_system_failure.csv,False,
2014-03-08 15:21:00+00:00,41.578,realKnownCause/ec2_request_latency_system_failure.csv,False,
2014-03-08 15:26:00+00:00,44.272,realKnownCause/ec2_request_latency_system_failure.csv,False,
2014-03-08 15:31:00+00:00,44.46,realKnownCause/ec2_request_latency_system_failure.csv,False,
2014-03-08 15:36:00+00:00,45.0,realKnownCause/ec2_request_latency_system_failure.csv,False,
2014-03-08 15:41:00+00:00,47.066,realKnownCause/ec2_request_latency_system_failure.csv,False,
2014-03-08 15:46:00+00:00,46.522,realKnownCause/ec2_request_latency_system_failure.csv,False,
2014-03-08 15:51:00+00:00,41.976000000000006,realKnownCause/ec2_request_latency_system_failure.csv,False,
2014-03-08 15:56:00+00:00,46.666,realKnownCause/ec2_request_latency_system_failure.csv,False,
2014-03-08 16:01:00+00:00,44.46,realKnownCause/ec2_request_latency_system_failure.csv,False,
2014-03-08 16:06:00+00:00,45.04600000000001,realKnownCause/ec2_request_latency_system_failure.csv,False,
2014-03-08 16:11:00+00:00,45.738,realKnownCause/ec2_request_latency_system_failure.csv,False,
2014-03-08 16:16:00+00:00,47.926,realKnownCause/ec2_request_latency_system_failure.csv,False,
2014-03-08 16:21:00+00:00,41.526,realKnownCause/ec2_request_latency_system_failure.csv,False,
2014-03-08 16:26:00+00:00,44.718,realKnownCause/ec2_request_latency_system_failure.csv,False,
2014-03-08 16:31:00+00:00,45.798,realKnownCause/ec2_request_latency_system_failure.csv,False,
2014-03-08 16:36:00+00:00,43.098,realKnownCause/ec2_request_latency_system_failure.csv,False,
2014-03-08 16:41:00+00:00,44.894,realKnownCause/ec2_request_latency_system_failure.csv,False,
2014-03-08 16:46:00+00:00,45.04600000000001,realKnownCause/ec2_request_latency_system_failure.csv,False,
2014-03-08 16:51:00+00:00,45.44600000000001,realKnownCause/ec2_request_latency_system_failure.csv,False,
2014-03-08 16:56:00+00:00,44.174,realKnownCause/ec2_request_latency_system_failure.csv,False,
2014-03-08 17:01:00+00:00,45.164,realKnownCause/ec2_request_latency_system_failure.csv,False,
2014-03-08 17:06:00+00:00,44.184,realKnownCause/ec2_request_latency_system_failure.csv,False,
2014-03-08 17:11:00+00:00,46.244,realKnownCause/ec2_request_latency_system_failure.csv,False,
2014-03-08 17:16:00+00:00,48.098,realKnownCause/ec2_request_latency_system_failure.csv,False,
2014-03-08 17:21:00+00:00,41.88,realKnownCause/ec2_request_latency_system_failure.csv,False,
2014-03-08 17:26:00+00:00,45.386,realKnownCause/ec2_request_latency_system_failure.csv,False,
2014-03-08 17:31:00+00:00,43.152,realKnownCause/ec2_request_latency_system_failure.csv,False,
2014-03-08 17:36:00+00:00,46.538,realKnownCause/ec2_request_latency_system_failure.csv,False,
2014-03-08 17:41:00+00:00,44.226000000000006,realKnownCause/ec2_request_latency_system_failure.csv,False,
2014-03-08 17:46:00+00:00,44.648,realKnownCause/ec2_request_latency_system_failure.csv,False,
2014-03-08 17:51:00+00:00,46.338,realKnownCause/ec2_request_latency_system_failure.csv,False,
2014-03-08 17:56:00+00:00,44.928,realKnownCause/ec2_request_latency_system_failure.csv,False,
2014-03-08 18:01:00+00:00,45.018,realKnownCause/ec2_request_latency_system_failure.csv,False,
2014-03-08 18:06:00+00:00,47.382,realKnownCause/ec2_request_latency_system_failure.csv,False,
2014-03-08 18:11:00+00:00,44.394,realKnownCause/ec2_request_latency_system_failure.csv,False,
2014-03-08 18:16:00+00:00,44.86600000000001,realKnownCause/ec2_request_latency_system_failure.csv,False,
2014-03-08 18:21:00+00:00,46.136,realKnownCause/ec2_request_latency_system_failure.csv,False,
2014-03-08 18:26:00+00:00,43.11600000000001,realKnownCause/ec2_request_latency_system_failure.csv,False,
2014-03-08 18:31:00+00:00,44.418,realKnownCause/ec2_request_latency_system_failure.csv,False,
2014-03-08 18:36:00+00:00,44.86,realKnownCause/ec2_request_latency_system_failure.csv,False,
2014-03-08 18:41:00+00:00,44.22,realKnownCause/ec2_request_latency_system_failure.csv,False,
2014-03-08 18:46:00+00:00,45.974,realKnownCause/ec2_request_latency_system_failure.csv,False,
2014-03-08 18:51:00+00:00,46.244,realKnownCause/ec2_request_latency_system_failure.csv,False,
2014-03-08 18:56:00+00:00,43.63800000000001,realKnownCause/ec2_request_latency_system_failure.csv,False,
2014-03-08 19:01:00+00:00,44.578,realKnownCause/ec2_request_latency_system_failure.csv,False,
2014-03-08 19:06:00+00:00,44.494,realKnownCause/ec2_request_latency_system_failure.csv,False,
2014-03-08 19:11:00+00:00,46.502,realKnownCause/ec2_request_latency_system_failure.csv,False,
2014-03-08 19:16:00+00:00,46.15,realKnownCause/ec2_request_latency_system_failure.csv,False,
2014-03-08 19:21:00+00:00,44.53,realKnownCause/ec2_request_latency_system_failure.csv,False,
2014-03-08 19:26:00+00:00,44.93,realKnownCause/ec2_request_latency_system_failure.csv,False,
2014-03-08 19:31:00+00:00,43.098,realKnownCause/ec2_request_latency_system_failure.csv,False,
2014-03-08 19:36:00+00:00,45.234,realKnownCause/ec2_request_latency_system_failure.csv,False,
2014-03-08 19:41:00+00:00,45.962,realKnownCause/ec2_request_latency_system_failure.csv,False,
2014-03-08 19:46:00+00:00,43.152,realKnownCause/ec2_request_latency_system_failure.csv,False,
2014-03-08 19:51:00+00:00,46.478,realKnownCause/ec2_request_latency_system_failure.csv,False,
2014-03-08 19:56:00+00:00,45.188,realKnownCause/ec2_request_latency_system_failure.csv,False,
2014-03-08 20:01:00+00:00,47.19600000000001,realKnownCause/ec2_request_latency_system_failure.csv,False,
2014-03-08 20:06:00+00:00,41.76600000000001,realKnownCause/ec2_request_latency_system_failure.csv,False,
2014-03-08 20:11:00+00:00,46.198,realKnownCause/ec2_request_latency_system_failure.csv,False,
2014-03-08 20:16:00+00:00,44.414,realKnownCause/ec2_request_latency_system_failure.csv,False,
2014-03-08 20:21:00+00:00,46.83,realKnownCause/ec2_request_latency_system_failure.csv,False,
2014-03-08 20:26:00+00:00,43.65,realKnownCause/ec2_request_latency_system_failure.csv,False,
2014-03-08 20:31:00+00:00,43.198,realKnownCause/ec2_request_latency_system_failure.csv,False,
2014-03-08 20:36:00+00:00,46.31399999999999,realKnownCause/ec2_request_latency_system_failure.csv,False,
2014-03-08 20:41:00+00:00,43.87600000000001,realKnownCause/ec2_request_latency_system_failure.csv,False,
2014-03-08 20:46:00+00:00,47.418,realKnownCause/ec2_request_latency_system_failure.csv,False,
2014-03-08 20:51:00+00:00,41.22,realKnownCause/ec2_request_latency_system_failure.csv,False,
2014-03-08 20:56:00+00:00,46.5,realKnownCause/ec2_request_latency_system_failure.csv,False,
2014-03-08 21:01:00+00:00,44.598,realKnownCause/ec2_request_latency_system_failure.csv,False,
2014-03-08 21:06:00+00:00,44.718,realKnownCause/ec2_request_latency_system_failure.csv,False,
2014-03-08 21:11:00+00:00,48.592,realKnownCause/ec2_request_latency_system_failure.csv,False,
2014-03-08 21:16:00+00:00,43.816,realKnownCause/ec2_request_latency_system_failure.csv,False,
2014-03-08 21:21:00+00:00,42.724,realKnownCause/ec2_request_latency_system_failure.csv,False,
2014-03-08 21:26:00+00:00,44.24800000000001,realKnownCause/ec2_request_latency_system_failure.csv,False,
2014-03-08 21:31:00+00:00,45.328,realKnownCause/ec2_request_latency_system_failure.csv,False,
2014-03-08 21:36:00+00:00,44.442,realKnownCause/ec2_request_latency_system_failure.csv,False,
2014-03-08 21:41:00+00:00,45.358,realKnownCause/ec2_request_latency_system_failure.csv,False,
2014-03-08 21:46:00+00:00,47.582,realKnownCause/ec2_request_latency_system_failure.csv,False,
2014-03-08 21:51:00+00:00,41.556,realKnownCause/ec2_request_latency_system_failure.csv,False,
2014-03-08 21:56:00+00:00,46.878,realKnownCause/ec2_request_latency_system_failure.csv,False,
2014-03-08 22:01:00+00:00,44.226000000000006,realKnownCause/ec2_request_latency_system_failure.csv,False,
2014-03-08 22:06:00+00:00,44.882,realKnownCause/ec2_request_latency_system_failure.csv,False,
2014-03-08 22:11:00+00:00,46.878,realKnownCause/ec2_request_latency_system_failure.csv,False,
2014-03-08 22:16:00+00:00,45.822,realKnownCause/ec2_request_latency_system_failure.csv,False,
2014-03-08 22:21:00+00:00,44.844,realKnownCause/ec2_request_latency_system_failure.csv,False,
2014-03-08 22:26:00+00:00,43.826,realKnownCause/ec2_request_latency_system_failure.csv,False,
2014-03-08 22:31:00+00:00,43.004,realKnownCause/ec2_request_latency_system_failure.csv,False,
2014-03-08 22:36:00+00:00,44.93,realKnownCause/ec2_request_latency_system_failure.csv,False,
2014-03-08 22:41:00+00:00,44.53,realKnownCause/ec2_request_latency_system_failure.csv,False,
2014-03-08 22:46:00+00:00,47.512,realKnownCause/ec2_request_latency_system_failure.csv,False,
2014-03-08 22:51:00+00:00,41.414,realKnownCause/ec2_request_latency_system_failure.csv,False,
2014-03-08 22:56:00+00:00,46.572,realKnownCause/ec2_request_latency_system_failure.csv,False,
2014-03-08 23:01:00+00:00,46.056,realKnownCause/ec2_request_latency_system_failure.csv,False,
2014-03-08 23:06:00+00:00,43.334,realKnownCause/ec2_request_latency_system_failure.csv,False,
2014-03-08 23:11:00+00:00,50.14,realKnownCause/ec2_request_latency_system_failure.csv,False,
2014-03-08 23:16:00+00:00,41.23,realKnownCause/ec2_request_latency_system_failure.csv,False,
2014-03-08 23:21:00+00:00,44.788,realKnownCause/ec2_request_latency_system_failure.csv,False,
2014-03-08 23:26:00+00:00,44.508,realKnownCause/ec2_request_latency_system_failure.csv,False,
2014-03-08 23:31:00+00:00,44.90600000000001,realKnownCause/ec2_request_latency_system_failure.csv,False,
2014-03-08 23:36:00+00:00,45.54,realKnownCause/ec2_request_latency_system_failure.csv,False,
2014-03-08 23:41:00+00:00,48.208,realKnownCause/ec2_request_latency_system_failure.csv,False,
2014-03-08 23:46:00+00:00,42.418,realKnownCause/ec2_request_latency_system_failure.csv,False,
2014-03-08 23:51:00+00:00,47.29,realKnownCause/ec2_request_latency_system_failure.csv,False,
2014-03-08 23:56:00+00:00,44.188,realKnownCause/ec2_request_latency_system_failure.csv,False,
2014-03-09 00:01:00+00:00,44.508,realKnownCause/ec2_request_latency_system_failure.csv,False,
2014-03-09 00:06:00+00:00,44.672,realKnownCause/ec2_request_latency_system_failure.csv,False,
2014-03-09 00:11:00+00:00,48.078,realKnownCause/ec2_request_latency_system_failure.csv,False,
2014-03-09 00:16:00+00:00,43.08,realKnownCause/ec2_request_latency_system_failure.csv,False,
2014-03-09 00:21:00+00:00,44.636,realKnownCause/ec2_request_latency_system_failure.csv,False,
2014-03-09 00:26:00+00:00,45.43600000000001,realKnownCause/ec2_request_latency_system_failure.csv,False,
2014-03-09 00:31:00+00:00,46.08,realKnownCause/ec2_request_latency_system_failure.csv,False,
2014-03-09 00:36:00+00:00,43.78,realKnownCause/ec2_request_latency_system_failure.csv,False,
2014-03-09 00:41:00+00:00,47.612,realKnownCause/ec2_request_latency_system_failure.csv,False,
2014-03-09 00:46:00+00:00,41.478,realKnownCause/ec2_request_latency_system_failure.csv,False,
2014-03-09 00:51:00+00:00,44.43600000000001,realKnownCause/ec2_request_latency_system_failure.csv,False,
2014-03-09 00:56:00+00:00,46.948,realKnownCause/ec2_request_latency_system_failure.csv,False,
2014-03-09 01:01:00+00:00,44.90600000000001,realKnownCause/ec2_request_latency_system_failure.csv,False,
2014-03-09 01:06:00+00:00,46.948,realKnownCause/ec2_request_latency_system_failure.csv,False,
2014-03-09 01:11:00+00:00,45.44600000000001,realKnownCause/ec2_request_latency_system_failure.csv,False,
2014-03-09 01:16:00+00:00,43.052,realKnownCause/ec2_request_latency_system_failure.csv,False,
2014-03-09 01:21:00+00:00,44.46,realKnownCause/ec2_request_latency_system_failure.csv,False,
2014-03-09 01:26:00+00:00,44.554,realKnownCause/ec2_request_latency_system_failure.csv,False,
2014-03-09 01:31:00+00:00,45.492,realKnownCause/ec2_request_latency_system_failure.csv,False,
2014-03-09 01:36:00+00:00,44.648,realKnownCause/ec2_request_latency_system_failure.csv,False,
2014-03-09 01:41:00+00:00,48.732,realKnownCause/ec2_request_latency_system_failure.csv,False,
2014-03-09 01:46:00+00:00,41.15,realKnownCause/ec2_request_latency_system_failure.csv,False,
2014-03-09 01:51:00+00:00,45.916,realKnownCause/ec2_request_latency_system_failure.csv,False,
2014-03-09 01:56:00+00:00,44.038,realKnownCause/ec2_request_latency_system_failure.csv,False,
2014-03-09 03:00:00+00:00,47.09,realKnownCause/ec2_request_latency_system_failure.csv,False,
2014-03-09 03:01:00+00:00,45.962,realKnownCause/ec2_request_latency_system_failure.csv,False,
2014-03-09 03:06:00+00:00,44.65600000000001,realKnownCause/ec2_request_latency_system_failure.csv,False,
2014-03-09 03:11:00+00:00,46.422,realKnownCause/ec2_request_latency_system_failure.csv,False,
2014-03-09 03:16:00+00:00,43.38,realKnownCause/ec2_request_latency_system_failure.csv,False,
2014-03-09 03:21:00+00:00,47.042,realKnownCause/ec2_request_latency_system_failure.csv,False,
2014-03-09 03:26:00+00:00,46.338,realKnownCause/ec2_request_latency_system_failure.csv,False,
2014-03-09 03:31:00+00:00,43.17,realKnownCause/ec2_request_latency_system_failure.csv,False,
2014-03-09 03:36:00+00:00,46.744,realKnownCause/ec2_request_latency_system_failure.csv,False,
2014-03-09 03:41:00+00:00,45.56399999999999,realKnownCause/ec2_request_latency_system_failure.csv,False,
2014-03-09 03:46:00+00:00,42.77,realKnownCause/ec2_request_latency_system_failure.csv,False,
2014-03-09 03:51:00+00:00,45.142,realKnownCause/ec2_request_latency_system_failure.csv,False,
2014-03-09 03:56:00+00:00,46.15,realKnownCause/ec2_request_latency_system_failure.csv,False,
2014-03-09 04:01:00+00:00,44.6,realKnownCause/ec2_request_latency_system_failure.csv,False,
2014-03-09 04:06:00+00:00,46.362,realKnownCause/ec2_request_latency_system_failure.csv,False,
2014-03-09 04:11:00+00:00,46.714,realKnownCause/ec2_request_latency_system_failure.csv,False,
2014-03-09 04:16:00+00:00,43.228,realKnownCause/ec2_request_latency_system_failure.csv,False,
2014-03-09 04:21:00+00:00,44.792,realKnownCause/ec2_request_latency_system_failure.csv,False,
2014-03-09 04:26:00+00:00,44.508,realKnownCause/ec2_request_latency_system_failure.csv,False,
2014-03-09 04:31:00+00:00,46.426,realKnownCause/ec2_request_latency_system_failure.csv,False,
2014-03-09 04:36:00+00:00,44.628,realKnownCause/ec2_request_latency_system_failure.csv,False,
2014-03-09 04:41:00+00:00,43.374,realKnownCause/ec2_request_latency_system_failure.csv,False,
2014-03-09 04:46:00+00:00,45.892,realKnownCause/ec2_request_latency_system_failure.csv,False,
2014-03-09 04:51:00+00:00,43.062,realKnownCause/ec2_request_latency_system_failure.csv,False,
2014-03-09 04:56:00+00:00,46.526,realKnownCause/ec2_request_latency_system_failure.csv,False,
2014-03-09 05:01:00+00:00,44.76600000000001,realKnownCause/ec2_request_latency_system_failure.csv,False,
2014-03-09 05:06:00+00:00,46.202,realKnownCause/ec2_request_latency_system_failure.csv,False,
2014-03-09 05:11:00+00:00,44.29600000000001,realKnownCause/ec2_request_latency_system_failure.csv,False,
2014-03-09 05:16:00+00:00,44.95399999999999,realKnownCause/ec2_request_latency_system_failure.csv,False,
2014-03-09 05:21:00+00:00,47.082,realKnownCause/ec2_request_latency_system_failure.csv,False,
2014-03-09 05:26:00+00:00,41.878,realKnownCause/ec2_request_latency_system_failure.csv,False,
2014-03-09 05:31:00+00:00,45.328,realKnownCause/ec2_request_latency_system_failure.csv,False,
2014-03-09 05:36:00+00:00,47.042,realKnownCause/ec2_request_latency_system_failure.csv,False,
2014-03-09 05:41:00+00:00,44.16,realKnownCause/ec2_request_latency_system_failure.csv,False,
2014-03-09 05:46:00+00:00,45.986,realKnownCause/ec2_request_latency_system_failure.csv,False,
2014-03-09 05:51:00+00:00,43.136,realKnownCause/ec2_request_latency_system_failure.csv,False,
2014-03-09 05:56:00+00:00,46.292,realKnownCause/ec2_request_latency_system_failure.csv,False,
2014-03-09 06:01:00+00:00,46.036,realKnownCause/ec2_request_latency_system_failure.csv,False,
2014-03-09 06:06:00+00:00,44.612,realKnownCause/ec2_request_latency_system_failure.csv,False,
2014-03-09 06:11:00+00:00,47.014,realKnownCause/ec2_request_latency_system_failure.csv,False,
2014-03-09 06:16:00+00:00,42.722,realKnownCause/ec2_request_latency_system_failure.csv,False,
2014-03-09 06:21:00+00:00,44.47,realKnownCause/ec2_request_latency_system_failure.csv,False,
2014-03-09 06:26:00+00:00,44.774,realKnownCause/ec2_request_latency_system_failure.csv,False,
2014-03-09 06:31:00+00:00,45.728,realKnownCause/ec2_request_latency_system_failure.csv,False,
2014-03-09 06:36:00+00:00,44.756,realKnownCause/ec2_request_latency_system_failure.csv,False,
2014-03-09 06:41:00+00:00,45.258,realKnownCause/ec2_request_latency_system_failure.csv,False,
2014-03-09 06:46:00+00:00,42.522,realKnownCause/ec2_request_latency_system_failure.csv,False,
2014-03-09 06:51:00+00:00,45.632,realKnownCause/ec2_request_latency_system_failure.csv,False,
2014-03-09 06:56:00+00:00,44.996,realKnownCause/ec2_request_latency_system_failure.csv,False,
2014-03-09 07:01:00+00:00,44.484,realKnownCause/ec2_request_latency_system_failure.csv,False,
2014-03-09 07:06:00+00:00,44.36600000000001,realKnownCause/ec2_request_latency_system_failure.csv,False,
2014-03-09 07:11:00+00:00,49.238,realKnownCause/ec2_request_latency_system_failure.csv,False,
2014-03-09 07:16:00+00:00,42.822,realKnownCause/ec2_request_latency_system_failure.csv,False,
2014-03-09 07:21:00+00:00,42.88800000000001,realKnownCause/ec2_request_latency_system_failure.csv,False,
2014-03-09 07:26:00+00:00,44.32,realKnownCause/ec2_request_latency_system_failure.csv,False,
2014-03-09 07:31:00+00:00,43.85,realKnownCause/ec2_request_latency_system_failure.csv,False,
2014-03-09 07:36:00+00:00,46.66,realKnownCause/ec2_request_latency_system_failure.csv,False,
2014-03-09 07:41:00+00:00,44.788,realKnownCause/ec2_request_latency_system_failure.csv,False,
2014-03-09 07:46:00+00:00,44.014,realKnownCause/ec2_request_latency_system_failure.csv,False,
2014-03-09 07:51:00+00:00,42.53,realKnownCause/ec2_request_latency_system_failure.csv,False,
2014-03-09 07:56:00+00:00,46.268,realKnownCause/ec2_request_latency_system_failure.csv,False,
2014-03-09 08:01:00+00:00,43.732,realKnownCause/ec2_request_latency_system_failure.csv,False,
2014-03-09 08:06:00+00:00,46.244,realKnownCause/ec2_request_latency_system_failure.csv,False,
2014-03-09 08:11:00+00:00,43.428,realKnownCause/ec2_request_latency_system_failure.csv,False,
2014-03-09 08:16:00+00:00,44.24800000000001,realKnownCause/ec2_request_latency_system_failure.csv,False,
2014-03-09 08:21:00+00:00,46.432,realKnownCause/ec2_request_latency_system_failure.csv,False,
2014-03-09 08:26:00+00:00,41.38399999999999,realKnownCause/ec2_request_latency_system_failure.csv,False,
2014-03-09 08:31:00+00:00,44.002,realKnownCause/ec2_request_latency_system_failure.csv,False,
2014-03-09 08:36:00+00:00,45.518,realKnownCause/ec2_request_latency_system_failure.csv,False,
2014-03-09 08:41:00+00:00,42.422,realKnownCause/ec2_request_latency_system_failure.csv,False,
2014-03-09 08:46:00+00:00,43.968,realKnownCause/ec2_request_latency_system_failure.csv,False,
2014-03-09 08:51:00+00:00,44.976000000000006,realKnownCause/ec2_request_latency_system_failure.csv,False,
2014-03-09 08:56:00+00:00,44.66,realKnownCause/ec2_request_latency_system_failure.csv,False,
2014-03-09 09:01:00+00:00,44.95399999999999,realKnownCause/ec2_request_latency_system_failure.csv,False,
2014-03-09 09:06:00+00:00,44.648,realKnownCause/ec2_request_latency_system_failure.csv,False,
2014-03-09 09:11:00+00:00,43.856,realKnownCause/ec2_request_latency_system_failure.csv,False,
2014-03-09 09:16:00+00:00,44.154,realKnownCause/ec2_request_latency_system_failure.csv,False,
2014-03-09 09:21:00+00:00,43.94600000000001,realKnownCause/ec2_request_latency_system_failure.csv,False,
2014-03-09 09:26:00+00:00,43.896,realKnownCause/ec2_request_latency_system_failure.csv,False,
2014-03-09 09:31:00+00:00,43.662,realKnownCause/ec2_request_latency_system_failure.csv,False,
2014-03-09 09:36:00+00:00,46.68,realKnownCause/ec2_request_latency_system_failure.csv,False,
2014-03-09 09:41:00+00:00,45.822,realKnownCause/ec2_request_latency_system_failure.csv,False,
2014-03-09 09:46:00+00:00,41.15,realKnownCause/ec2_request_latency_system_failure.csv,False,
2014-03-09 09:51:00+00:00,43.944,realKnownCause/ec2_request_latency_system_failure.csv,False,
2014-03-09 09:56:00+00:00,46.032,realKnownCause/ec2_request_latency_system_failure.csv,False,
2014-03-09 10:01:00+00:00,45.234,realKnownCause/ec2_request_latency_system_failure.csv,False,
2014-03-09 10:06:00+00:00,43.92,realKnownCause/ec2_request_latency_system_failure.csv,False,
2014-03-09 10:11:00+00:00,43.63800000000001,realKnownCause/ec2_request_latency_system_failure.csv,False,
2014-03-09 10:16:00+00:00,44.83600000000001,realKnownCause/ec2_request_latency_system_failure.csv,False,
2014-03-09 10:21:00+00:00,42.31,realKnownCause/ec2_request_latency_system_failure.csv,False,
2014-03-09 10:26:00+00:00,45.07,realKnownCause/ec2_request_latency_system_failure.csv,False,
2014-03-09 10:31:00+00:00,42.536,realKnownCause/ec2_request_latency_system_failure.csv,False,
2014-03-09 10:36:00+00:00,45.47,realKnownCause/ec2_request_latency_system_failure.csv,False,
2014-03-09 10:41:00+00:00,42.136,realKnownCause/ec2_request_latency_system_failure.csv,False,
2014-03-09 10:46:00+00:00,45.346,realKnownCause/ec2_request_latency_system_failure.csv,False,
2014-03-09 10:51:00+00:00,43.49800000000001,realKnownCause/ec2_request_latency_system_failure.csv,False,
2014-03-09 10:56:00+00:00,44.46,realKnownCause/ec2_request_latency_system_failure.csv,False,
2014-03-09 11:01:00+00:00,45.37600000000001,realKnownCause/ec2_request_latency_system_failure.csv,False,
2014-03-09 11:06:00+00:00,42.582,realKnownCause/ec2_request_latency_system_failure.csv,False,
2014-03-09 11:11:00+00:00,46.972,realKnownCause/ec2_request_latency_system_failure.csv,False,
2014-03-09 11:16:00+00:00,42.618,realKnownCause/ec2_request_latency_system_failure.csv,False,
2014-03-09 11:21:00+00:00,44.038,realKnownCause/ec2_request_latency_system_failure.csv,False,
2014-03-09 11:26:00+00:00,46.478,realKnownCause/ec2_request_latency_system_failure.csv,False,
2014-03-09 11:31:00+00:00,40.586,realKnownCause/ec2_request_latency_system_failure.csv,False,
2014-03-09 11:36:00+00:00,45.422,realKnownCause/ec2_request_latency_system_failure.csv,False,
2014-03-09 11:41:00+00:00,43.826,realKnownCause/ec2_request_latency_system_failure.csv,False,
2014-03-09 11:46:00+00:00,43.252,realKnownCause/ec2_request_latency_system_failure.csv,False,
2014-03-09 11:51:00+00:00,43.826,realKnownCause/ec2_request_latency_system_failure.csv,False,
2014-03-09 11:56:00+00:00,47.136,realKnownCause/ec2_request_latency_system_failure.csv,False,
2014-03-09 12:01:00+00:00,44.36600000000001,realKnownCause/ec2_request_latency_system_failure.csv,False,
2014-03-09 12:06:00+00:00,43.334,realKnownCause/ec2_request_latency_system_failure.csv,False,
2014-03-09 12:11:00+00:00,43.944,realKnownCause/ec2_request_latency_system_failure.csv,False,
2014-03-09 12:16:00+00:00,43.802,realKnownCause/ec2_request_latency_system_failure.csv,False,
2014-03-09 12:21:00+00:00,43.918,realKnownCause/ec2_request_latency_system_failure.csv,False,
2014-03-09 12:26:00+00:00,44.058,realKnownCause/ec2_request_latency_system_failure.csv,False,
2014-03-09 12:31:00+00:00,45.51600000000001,realKnownCause/ec2_request_latency_system_failure.csv,False,
2014-03-09 12:36:00+00:00,43.262,realKnownCause/ec2_request_latency_system_failure.csv,False,
2014-03-09 12:41:00+00:00,44.192,realKnownCause/ec2_request_latency_system_failure.csv,False,
2014-03-09 12:46:00+00:00,43.146,realKnownCause/ec2_request_latency_system_failure.csv,False,
2014-03-09 12:51:00+00:00,43.508,realKnownCause/ec2_request_latency_system_failure.csv,False,
2014-03-09 12:56:00+00:00,47.828,realKnownCause/ec2_request_latency_system_failure.csv,False,
2014-03-09 13:01:00+00:00,42.3,realKnownCause/ec2_request_latency_system_failure.csv,False,
2014-03-09 13:06:00+00:00,44.084,realKnownCause/ec2_request_latency_system_failure.csv,False,
2014-03-09 13:11:00+00:00,48.0,realKnownCause/ec2_request_latency_system_failure.csv,False,
2014-03-09 13:16:00+00:00,41.856,realKnownCause/ec2_request_latency_system_failure.csv,False,
2014-03-09 13:21:00+00:00,43.802,realKnownCause/ec2_request_latency_system_failure.csv,False,
2014-03-09 13:26:00+00:00,45.64,realKnownCause/ec2_request_latency_system_failure.csv,False,
2014-03-09 13:31:00+00:00,43.472,realKnownCause/ec2_request_latency_system_failure.csv,False,
2014-03-09 13:36:00+00:00,43.45399999999999,realKnownCause/ec2_request_latency_system_failure.csv,False,
2014-03-09 13:41:00+00:00,45.208,realKnownCause/ec2_request_latency_system_failure.csv,False,
2014-03-09 13:46:00+00:00,44.32,realKnownCause/ec2_request_latency_system_failure.csv,False,
2014-03-09 13:51:00+00:00,45.0,realKnownCause/ec2_request_latency_system_failure.csv,False,
2014-03-09 13:56:00+00:00,44.986,realKnownCause/ec2_request_latency_system_failure.csv,False,
2014-03-09 14:01:00+00:00,46.056,realKnownCause/ec2_request_latency_system_failure.csv,False,
2014-03-09 14:06:00+00:00,42.324,realKnownCause/ec2_request_latency_system_failure.csv,False,
2014-03-09 14:11:00+00:00,46.12600000000001,realKnownCause/ec2_request_latency_system_failure.csv,False,
2014-03-09 14:16:00+00:00,44.574,realKnownCause/ec2_request_latency_system_failure.csv,False,
2014-03-09 14:21:00+00:00,44.72,realKnownCause/ec2_request_latency_system_failure.csv,False,
2014-03-09 14:26:00+00:00,43.90600000000001,realKnownCause/ec2_request_latency_system_failure.csv,False,
2014-03-09 14:31:00+00:00,47.522,realKnownCause/ec2_request_latency_system_failure.csv,False,
2014-03-09 14:36:00+00:00,41.056,realKnownCause/ec2_request_latency_system_failure.csv,False,
2014-03-09 14:41:00+00:00,44.482,realKnownCause/ec2_request_latency_system_failure.csv,False,
2014-03-09 14:46:00+00:00,44.014,realKnownCause/ec2_request_latency_system_failure.csv,False,
2014-03-09 14:51:00+00:00,45.458,realKnownCause/ec2_request_latency_system_failure.csv,False,
2014-03-09 14:56:00+00:00,45.356,realKnownCause/ec2_request_latency_system_failure.csv,False,
2014-03-09 15:01:00+00:00,44.24800000000001,realKnownCause/ec2_request_latency_system_failure.csv,False,
2014-03-09 15:06:00+00:00,46.338,realKnownCause/ec2_request_latency_system_failure.csv,False,
2014-03-09 15:11:00+00:00,46.69,realKnownCause/ec2_request_latency_system_failure.csv,False,
2014-03-09 15:16:00+00:00,42.066,realKnownCause/ec2_request_latency_system_failure.csv,False,
2014-03-09 15:21:00+00:00,44.624,realKnownCause/ec2_request_latency_system_failure.csv,False,
2014-03-09 15:26:00+00:00,44.32,realKnownCause/ec2_request_latency_system_failure.csv,False,
2014-03-09 15:31:00+00:00,44.718,realKnownCause/ec2_request_latency_system_failure.csv,False,
2014-03-09 15:36:00+00:00,47.3,realKnownCause/ec2_request_latency_system_failure.csv,False,
2014-03-09 15:41:00+00:00,44.93,realKnownCause/ec2_request_latency_system_failure.csv,False,
2014-03-09 15:46:00+00:00,44.46,realKnownCause/ec2_request_latency_system_failure.csv,False,
2014-03-09 15:51:00+00:00,43.192,realKnownCause/ec2_request_latency_system_failure.csv,False,
2014-03-09 15:56:00+00:00,47.864,realKnownCause/ec2_request_latency_system_failure.csv,False,
2014-03-09 16:01:00+00:00,43.262,realKnownCause/ec2_request_latency_system_failure.csv,False,
2014-03-09 16:06:00+00:00,44.578,realKnownCause/ec2_request_latency_system_failure.csv,False,
2014-03-09 16:11:00+00:00,48.38,realKnownCause/ec2_request_latency_system_failure.csv,False,
2014-03-09 16:16:00+00:00,42.864,realKnownCause/ec2_request_latency_system_failure.csv,False,
2014-03-09 16:21:00+00:00,45.928,realKnownCause/ec2_request_latency_system_failure.csv,False,
2014-03-09 16:26:00+00:00,43.334,realKnownCause/ec2_request_latency_system_failure.csv,False,
2014-03-09 16:31:00+00:00,46.22,realKnownCause/ec2_request_latency_system_failure.csv,False,
2014-03-09 16:36:00+00:00,42.958,realKnownCause/ec2_request_latency_system_failure.csv,False,
2014-03-09 16:41:00+00:00,46.426,realKnownCause/ec2_request_latency_system_failure.csv,False,
2014-03-09 16:46:00+00:00,43.076,realKnownCause/ec2_request_latency_system_failure.csv,False,
2014-03-09 16:51:00+00:00,45.074,realKnownCause/ec2_request_latency_system_failure.csv,False,
2014-03-09 16:56:00+00:00,48.24,realKnownCause/ec2_request_latency_system_failure.csv,False,
2014-03-09 17:01:00+00:00,44.132,realKnownCause/ec2_request_latency_system_failure.csv,False,
2014-03-09 17:06:00+00:00,44.202,realKnownCause/ec2_request_latency_system_failure.csv,False,
2014-03-09 17:11:00+00:00,47.86,realKnownCause/ec2_request_latency_system_failure.csv,False,
2014-03-09 17:16:00+00:00,44.63399999999999,realKnownCause/ec2_request_latency_system_failure.csv,False,
2014-03-09 17:21:00+00:00,43.262,realKnownCause/ec2_request_latency_system_failure.csv,False,
2014-03-09 17:26:00+00:00,44.718,realKnownCause/ec2_request_latency_system_failure.csv,False,
2014-03-09 17:31:00+00:00,46.174,realKnownCause/ec2_request_latency_system_failure.csv,False,
2014-03-09 17:36:00+00:00,45.352,realKnownCause/ec2_request_latency_system_failure.csv,False,
2014-03-09 17:41:00+00:00,49.024,realKnownCause/ec2_request_latency_system_failure.csv,False,
2014-03-09 17:46:00+00:00,41.996,realKnownCause/ec2_request_latency_system_failure.csv,False,
2014-03-09 17:51:00+00:00,45.282,realKnownCause/ec2_request_latency_system_failure.csv,False,
2014-03-09 17:56:00+00:00,47.042,realKnownCause/ec2_request_latency_system_failure.csv,False,
2014-03-09 18:01:00+00:00,45.54,realKnownCause/ec2_request_latency_system_failure.csv,False,
2014-03-09 18:06:00+00:00,47.23,realKnownCause/ec2_request_latency_system_failure.csv,False,
2014-03-09 18:11:00+00:00,44.812,realKnownCause/ec2_request_latency_system_failure.csv,False,
2014-03-09 18:16:00+00:00,46.666,realKnownCause/ec2_request_latency_system_failure.csv,False,
2014-03-09 18:21:00+00:00,43.098,realKnownCause/ec2_request_latency_system_failure.csv,False,
2014-03-09 18:26:00+00:00,45.94,realKnownCause/ec2_request_latency_system_failure.csv,False,
2014-03-09 18:31:00+00:00,43.85,realKnownCause/ec2_request_latency_system_failure.csv,False,
2014-03-09 18:36:00+00:00,44.578,realKnownCause/ec2_request_latency_system_failure.csv,False,
2014-03-09 18:41:00+00:00,46.174,realKnownCause/ec2_request_latency_system_failure.csv,False,
2014-03-09 18:46:00+00:00,45.294,realKnownCause/ec2_request_latency_system_failure.csv,False,
2014-03-09 18:51:00+00:00,43.61600000000001,realKnownCause/ec2_request_latency_system_failure.csv,False,
2014-03-09 18:56:00+00:00,45.752,realKnownCause/ec2_request_latency_system_failure.csv,False,
2014-03-09 19:01:00+00:00,44.976000000000006,realKnownCause/ec2_request_latency_system_failure.csv,False,
2014-03-09 19:06:00+00:00,44.94,realKnownCause/ec2_request_latency_system_failure.csv,False,
2014-03-09 19:11:00+00:00,50.07,realKnownCause/ec2_request_latency_system_failure.csv,False,
2014-03-09 19:16:00+00:00,45.966,realKnownCause/ec2_request_latency_system_failure.csv,False,
2014-03-09 19:21:00+00:00,42.418,realKnownCause/ec2_request_latency_system_failure.csv,False,
2014-03-09 19:26:00+00:00,44.484,realKnownCause/ec2_request_latency_system_failure.csv,False,
2014-03-09 19:31:00+00:00,44.90600000000001,realKnownCause/ec2_request_latency_system_failure.csv,False,
2014-03-09 19:36:00+00:00,49.014,realKnownCause/ec2_request_latency_system_failure.csv,False,
2014-03-09 19:41:00+00:00,42.78,realKnownCause/ec2_request_latency_system_failure.csv,False,
2014-03-09 19:46:00+00:00,44.658,realKnownCause/ec2_request_latency_system_failure.csv,False,
2014-03-09 19:51:00+00:00,44.752,realKnownCause/ec2_request_latency_system_failure.csv,False,
2014-03-09 19:56:00+00:00,47.606,realKnownCause/ec2_request_latency_system_failure.csv,False,
2014-03-09 20:01:00+00:00,43.646,realKnownCause/ec2_request_latency_system_failure.csv,False,
2014-03-09 20:06:00+00:00,48.042,realKnownCause/ec2_request_latency_system_failure.csv,False,
2014-03-09 20:11:00+00:00,43.23,realKnownCause/ec2_request_latency_system_failure.csv,False,
2014-03-09 20:16:00+00:00,44.812,realKnownCause/ec2_request_latency_system_failure.csv,False,
2014-03-09 20:21:00+00:00,45.752,realKnownCause/ec2_request_latency_system_failure.csv,False,
2014-03-09 20:26:00+00:00,43.254,realKnownCause/ec2_request_latency_system_failure.csv,False,
2014-03-09 20:31:00+00:00,44.982,realKnownCause/ec2_request_latency_system_failure.csv,False,
2014-03-09 20:36:00+00:00,45.944,realKnownCause/ec2_request_latency_system_failure.csv,False,
2014-03-09 20:41:00+00:00,45.104,realKnownCause/ec2_request_latency_system_failure.csv,False,
2014-03-09 20:46:00+00:00,43.45,realKnownCause/ec2_request_latency_system_failure.csv,False,
2014-03-09 20:51:00+00:00,44.484,realKnownCause/ec2_request_latency_system_failure.csv,False,
2014-03-09 20:56:00+00:00,47.958,realKnownCause/ec2_request_latency_system_failure.csv,False,
2014-03-09 21:01:00+00:00,43.216,realKnownCause/ec2_request_latency_system_failure.csv,False,
2014-03-09 21:06:00+00:00,46.488,realKnownCause/ec2_request_latency_system_failure.csv,False,
2014-03-09 21:11:00+00:00,46.83,realKnownCause/ec2_request_latency_system_failure.csv,False,
2014-03-09 21:16:00+00:00,44.36600000000001,realKnownCause/ec2_request_latency_system_failure.csv,False,
2014-03-09 21:21:00+00:00,43.122,realKnownCause/ec2_request_latency_system_failure.csv,False,
2014-03-09 21:26:00+00:00,44.398,realKnownCause/ec2_request_latency_system_failure.csv,False,
2014-03-09 21:31:00+00:00,45.358,realKnownCause/ec2_request_latency_system_failure.csv,False,
2014-03-09 21:36:00+00:00,45.66,realKnownCause/ec2_request_latency_system_failure.csv,False,
2014-03-09 21:41:00+00:00,47.652,realKnownCause/ec2_request_latency_system_failure.csv,False,
2014-03-09 21:46:00+00:00,43.45,realKnownCause/ec2_request_latency_system_failure.csv,False,
2014-03-09 21:51:00+00:00,46.76,realKnownCause/ec2_request_latency_system_failure.csv,False,
2014-03-09 21:56:00+00:00,44.672,realKnownCause/ec2_request_latency_system_failure.csv,False,
2014-03-09 22:01:00+00:00,44.558,realKnownCause/ec2_request_latency_system_failure.csv,False,
2014-03-09 22:06:00+00:00,44.53,realKnownCause/ec2_request_latency_system_failure.csv,False,
2014-03-09 22:11:00+00:00,48.428,realKnownCause/ec2_request_latency_system_failure.csv,False,
2014-03-09 22:16:00+00:00,42.88800000000001,realKnownCause/ec2_request_latency_system_failure.csv,False,
2014-03-09 22:21:00+00:00,44.83600000000001,realKnownCause/ec2_request_latency_system_failure.csv,False,
2014-03-09 22:26:00+00:00,46.056,realKnownCause/ec2_request_latency_system_failure.csv,False,
2014-03-09 22:31:00+00:00,45.258,realKnownCause/ec2_request_latency_system_failure.csv,False,
2014-03-09 22:36:00+00:00,43.262,realKnownCause/ec2_request_latency_system_failure.csv,False,
2014-03-09 22:41:00+00:00,45.472,realKnownCause/ec2_request_latency_system_failure.csv,False,
2014-03-09 22:46:00+00:00,46.714,realKnownCause/ec2_request_latency_system_failure.csv,False,
2014-03-09 22:51:00+00:00,42.864,realKnownCause/ec2_request_latency_system_failure.csv,False,
2014-03-09 22:56:00+00:00,47.348,realKnownCause/ec2_request_latency_system_failure.csv,False,
2014-03-09 23:01:00+00:00,45.40600000000001,realKnownCause/ec2_request_latency_system_failure.csv,False,
2014-03-09 23:06:00+00:00,47.298,realKnownCause/ec2_request_latency_system_failure.csv,False,
2014-03-09 23:11:00+00:00,46.244,realKnownCause/ec2_request_latency_system_failure.csv,False,
2014-03-09 23:16:00+00:00,48.56800000000001,realKnownCause/ec2_request_latency_system_failure.csv,False,
2014-03-09 23:21:00+00:00,42.324,realKnownCause/ec2_request_latency_system_failure.csv,False,
2014-03-09 23:26:00+00:00,46.728,realKnownCause/ec2_request_latency_system_failure.csv,False,
2014-03-09 23:31:00+00:00,44.11,realKnownCause/ec2_request_latency_system_failure.csv,False,
2014-03-09 23:36:00+00:00,46.238,realKnownCause/ec2_request_latency_system_failure.csv,False,
2014-03-09 23:41:00+00:00,47.16,realKnownCause/ec2_request_latency_system_failure.csv,False,
2014-03-09 23:46:00+00:00,46.254,realKnownCause/ec2_request_latency_system_failure.csv,False,
2014-03-09 23:51:00+00:00,46.08,realKnownCause/ec2_request_latency_system_failure.csv,False,
2014-03-09 23:56:00+00:00,45.37600000000001,realKnownCause/ec2_request_latency_system_failure.csv,False,
2014-03-10 00:01:00+00:00,45.68,realKnownCause/ec2_request_latency_system_failure.csv,False,
2014-03-10 00:06:00+00:00,47.06,realKnownCause/ec2_request_latency_system_failure.csv,False,
2014-03-10 00:11:00+00:00,46.306,realKnownCause/ec2_request_latency_system_failure.csv,False,
2014-03-10 00:16:00+00:00,44.202,realKnownCause/ec2_request_latency_system_failure.csv,False,
2014-03-10 00:21:00+00:00,48.61600000000001,realKnownCause/ec2_request_latency_system_failure.csv,False,
2014-03-10 00:26:00+00:00,41.978,realKnownCause/ec2_request_latency_system_failure.csv,False,
2014-03-10 00:31:00+00:00,45.51600000000001,realKnownCause/ec2_request_latency_system_failure.csv,False,
2014-03-10 00:36:00+00:00,45.338,realKnownCause/ec2_request_latency_system_failure.csv,False,
2014-03-10 00:41:00+00:00,44.99800000000001,realKnownCause/ec2_request_latency_system_failure.csv,False,
2014-03-10 00:46:00+00:00,45.658,realKnownCause/ec2_request_latency_system_failure.csv,False,
2014-03-10 00:51:00+00:00,46.944,realKnownCause/ec2_request_latency_system_failure.csv,False,
2014-03-10 00:56:00+00:00,45.782,realKnownCause/ec2_request_latency_system_failure.csv,False,
2014-03-10 01:01:00+00:00,45.70399999999999,realKnownCause/ec2_request_latency_system_failure.csv,False,
2014-03-10 01:06:00+00:00,50.90600000000001,realKnownCause/ec2_request_latency_system_failure.csv,False,
2014-03-10 01:11:00+00:00,46.822,realKnownCause/ec2_request_latency_system_failure.csv,False,
2014-03-10 01:16:00+00:00,45.892,realKnownCause/ec2_request_latency_system_failure.csv,False,
2014-03-10 01:21:00+00:00,47.184,realKnownCause/ec2_request_latency_system_failure.csv,False,
2014-03-10 01:26:00+00:00,43.592,realKnownCause/ec2_request_latency_system_failure.csv,False,
2014-03-10 01:31:00+00:00,45.61,realKnownCause/ec2_request_latency_system_failure.csv,False,
2014-03-10 01:36:00+00:00,51.198,realKnownCause/ec2_request_latency_system_failure.csv,False,
2014-03-10 01:41:00+00:00,44.694,realKnownCause/ec2_request_latency_system_failure.csv,False,
2014-03-10 01:46:00+00:00,47.582,realKnownCause/ec2_request_latency_system_failure.csv,False,
2014-03-10 01:51:00+00:00,47.254,realKnownCause/ec2_request_latency_system_failure.csv,False,
2014-03-10 01:56:00+00:00,45.846,realKnownCause/ec2_request_latency_system_failure.csv,False,
2014-03-10 02:01:00+00:00,45.892,realKnownCause/ec2_request_latency_system_failure.csv,False,
2014-03-10 02:06:00+00:00,45.22,realKnownCause/ec2_request_latency_system_failure.csv,False,
2014-03-10 02:11:00+00:00,48.756,realKnownCause/ec2_request_latency_system_failure.csv,False,
2014-03-10 02:16:00+00:00,44.648,realKnownCause/ec2_request_latency_system_failure.csv,False,
2014-03-10 02:21:00+00:00,47.348,realKnownCause/ec2_request_latency_system_failure.csv,False,
2014-03-10 02:26:00+00:00,45.61,realKnownCause/ec2_request_latency_system_failure.csv,False,
2014-03-10 02:31:00+00:00,42.982,realKnownCause/ec2_request_latency_system_failure.csv,False,
2014-03-10 02:36:00+00:00,45.78,realKnownCause/ec2_request_latency_system_failure.csv,False,
2014-03-10 02:41:00+00:00,46.194,realKnownCause/ec2_request_latency_system_failure.csv,False,
2014-03-10 02:46:00+00:00,48.428,realKnownCause/ec2_request_latency_system_failure.csv,False,
2014-03-10 02:51:00+00:00,42.38399999999999,realKnownCause/ec2_request_latency_system_failure.csv,False,
2014-03-10 02:56:00+00:00,46.286,realKnownCause/ec2_request_latency_system_failure.csv,False,
2014-03-10 03:01:00+00:00,45.728,realKnownCause/ec2_request_latency_system_failure.csv,False,
2014-03-10 03:06:00+00:00,44.29600000000001,realKnownCause/ec2_request_latency_system_failure.csv,False,
2014-03-10 03:11:00+00:00,49.93,realKnownCause/ec2_request_latency_system_failure.csv,False,
2014-03-10 03:16:00+00:00,43.904,realKnownCause/ec2_request_latency_system_failure.csv,False,
2014-03-10 03:21:00+00:00,47.574,realKnownCause/ec2_request_latency_system_failure.csv,False,
2014-03-10 03:26:00+00:00,44.488,realKnownCause/ec2_request_latency_system_failure.csv,False,
2014-03-10 03:31:00+00:00,45.4,realKnownCause/ec2_request_latency_system_failure.csv,False,
2014-03-10 03:36:00+00:00,46.456,realKnownCause/ec2_request_latency_system_failure.csv,False,
2014-03-10 03:41:00+00:00,47.794,realKnownCause/ec2_request_latency_system_failure.csv,False,
2014-03-10 03:46:00+00:00,45.986,realKnownCause/ec2_request_latency_system_failure.csv,False,
2014-03-10 03:51:00+00:00,44.93,realKnownCause/ec2_request_latency_system_failure.csv,False,
2014-03-10 03:56:00+00:00,45.74800000000001,realKnownCause/ec2_request_latency_system_failure.csv,False,
2014-03-10 04:01:00+00:00,46.292,realKnownCause/ec2_request_latency_system_failure.csv,False,
2014-03-10 04:06:00+00:00,44.154,realKnownCause/ec2_request_latency_system_failure.csv,False,
2014-03-10 04:11:00+00:00,48.61600000000001,realKnownCause/ec2_request_latency_system_failure.csv,False,
2014-03-10 04:16:00+00:00,43.414,realKnownCause/ec2_request_latency_system_failure.csv,False,
2014-03-10 04:21:00+00:00,44.062,realKnownCause/ec2_request_latency_system_failure.csv,False,
2014-03-10 04:26:00+00:00,45.194,realKnownCause/ec2_request_latency_system_failure.csv,False,
2014-03-10 04:31:00+00:00,45.03,realKnownCause/ec2_request_latency_system_failure.csv,False,
2014-03-10 04:36:00+00:00,46.82,realKnownCause/ec2_request_latency_system_failure.csv,False,
2014-03-10 04:41:00+00:00,45.324,realKnownCause/ec2_request_latency_system_failure.csv,False,
2014-03-10 04:46:00+00:00,45.61,realKnownCause/ec2_request_latency_system_failure.csv,False,
2014-03-10 04:51:00+00:00,42.09,realKnownCause/ec2_request_latency_system_failure.csv,False,
2014-03-10 04:56:00+00:00,46.83,realKnownCause/ec2_request_latency_system_failure.csv,False,
2014-03-10 05:01:00+00:00,45.4,realKnownCause/ec2_request_latency_system_failure.csv,False,
2014-03-10 05:06:00+00:00,44.76600000000001,realKnownCause/ec2_request_latency_system_failure.csv,False,
2014-03-10 05:11:00+00:00,48.83600000000001,realKnownCause/ec2_request_latency_system_failure.csv,False,
2014-03-10 05:16:00+00:00,44.86,realKnownCause/ec2_request_latency_system_failure.csv,False,
2014-03-10 05:21:00+00:00,43.99,realKnownCause/ec2_request_latency_system_failure.csv,False,
2014-03-10 05:26:00+00:00,45.12600000000001,realKnownCause/ec2_request_latency_system_failure.csv,False,
2014-03-10 05:31:00+00:00,46.526,realKnownCause/ec2_request_latency_system_failure.csv,False,
2014-03-10 05:36:00+00:00,44.14,realKnownCause/ec2_request_latency_system_failure.csv,False,
2014-03-10 05:41:00+00:00,48.188,realKnownCause/ec2_request_latency_system_failure.csv,False,
2014-03-10 05:46:00+00:00,42.644,realKnownCause/ec2_request_latency_system_failure.csv,False,
2014-03-10 05:51:00+00:00,45.962,realKnownCause/ec2_request_latency_system_failure.csv,False,
2014-03-10 05:56:00+00:00,45.442,realKnownCause/ec2_request_latency_system_failure.csv,False,
2014-03-10 06:01:00+00:00,44.672,realKnownCause/ec2_request_latency_system_failure.csv,False,
2014-03-10 06:06:00+00:00,44.612,realKnownCause/ec2_request_latency_system_failure.csv,False,
2014-03-10 06:11:00+00:00,48.61,realKnownCause/ec2_request_latency_system_failure.csv,False,
2014-03-10 06:16:00+00:00,44.306,realKnownCause/ec2_request_latency_system_failure.csv,False,
2014-03-10 06:21:00+00:00,43.848,realKnownCause/ec2_request_latency_system_failure.csv,False,
2014-03-10 06:26:00+00:00,46.414,realKnownCause/ec2_request_latency_system_failure.csv,False,
2014-03-10 06:31:00+00:00,43.31,realKnownCause/ec2_request_latency_system_failure.csv,False,
2014-03-10 06:36:00+00:00,44.83600000000001,realKnownCause/ec2_request_latency_system_failure.csv,False,
2014-03-10 06:41:00+00:00,46.74,realKnownCause/ec2_request_latency_system_failure.csv,False,
2014-03-10 06:46:00+00:00,42.858,realKnownCause/ec2_request_latency_system_failure.csv,False,
2014-03-10 06:51:00+00:00,44.29600000000001,realKnownCause/ec2_request_latency_system_failure.csv,False,
2014-03-10 06:56:00+00:00,46.146,realKnownCause/ec2_request_latency_system_failure.csv,False,
2014-03-10 07:01:00+00:00,45.938,realKnownCause/ec2_request_latency_system_failure.csv,False,
2014-03-10 07:06:00+00:00,45.70399999999999,realKnownCause/ec2_request_latency_system_failure.csv,False,
2014-03-10 07:11:00+00:00,45.306,realKnownCause/ec2_request_latency_system_failure.csv,False,
2014-03-10 07:16:00+00:00,42.816,realKnownCause/ec2_request_latency_system_failure.csv,False,
2014-03-10 07:21:00+00:00,44.062,realKnownCause/ec2_request_latency_system_failure.csv,False,
2014-03-10 07:26:00+00:00,44.554,realKnownCause/ec2_request_latency_system_failure.csv,False,
2014-03-10 07:31:00+00:00,43.372,realKnownCause/ec2_request_latency_system_failure.csv,False,
2014-03-10 07:36:00+00:00,48.61600000000001,realKnownCause/ec2_request_latency_system_failure.csv,False,
2014-03-10 07:41:00+00:00,42.488,realKnownCause/ec2_request_latency_system_failure.csv,False,
2014-03-10 07:46:00+00:00,44.272,realKnownCause/ec2_request_latency_system_failure.csv,False,
2014-03-10 07:51:00+00:00,44.29600000000001,realKnownCause/ec2_request_latency_system_failure.csv,False,
2014-03-10 07:56:00+00:00,46.338,realKnownCause/ec2_request_latency_system_failure.csv,False,
2014-03-10 08:01:00+00:00,45.846,realKnownCause/ec2_request_latency_system_failure.csv,False,
2014-03-10 08:06:00+00:00,42.652,realKnownCause/ec2_request_latency_system_failure.csv,False,
2014-03-10 08:11:00+00:00,47.254,realKnownCause/ec2_request_latency_system_failure.csv,False,
2014-03-10 08:16:00+00:00,42.84,realKnownCause/ec2_request_latency_system_failure.csv,False,
2014-03-10 08:21:00+00:00,44.43600000000001,realKnownCause/ec2_request_latency_system_failure.csv,False,
2014-03-10 08:26:00+00:00,44.108,realKnownCause/ec2_request_latency_system_failure.csv,False,
2014-03-10 08:31:00+00:00,44.236,realKnownCause/ec2_request_latency_system_failure.csv,False,
2014-03-10 08:36:00+00:00,46.268,realKnownCause/ec2_request_latency_system_failure.csv,False,
2014-03-10 08:41:00+00:00,44.39,realKnownCause/ec2_request_latency_system_failure.csv,False,
2014-03-10 08:46:00+00:00,41.812,realKnownCause/ec2_request_latency_system_failure.csv,False,
2014-03-10 08:51:00+00:00,45.422,realKnownCause/ec2_request_latency_system_failure.csv,False,
2014-03-10 08:56:00+00:00,44.788,realKnownCause/ec2_request_latency_system_failure.csv,False,
2014-03-10 09:01:00+00:00,45.938,realKnownCause/ec2_request_latency_system_failure.csv,False,
2014-03-10 09:06:00+00:00,42.512,realKnownCause/ec2_request_latency_system_failure.csv,False,
2014-03-10 09:11:00+00:00,45.986,realKnownCause/ec2_request_latency_system_failure.csv,False,
2014-03-10 09:16:00+00:00,44.232,realKnownCause/ec2_request_latency_system_failure.csv,False,
2014-03-10 09:21:00+00:00,44.414,realKnownCause/ec2_request_latency_system_failure.csv,False,
2014-03-10 09:26:00+00:00,50.212,realKnownCause/ec2_request_latency_system_failure.csv,False,
2014-03-10 09:31:00+00:00,38.49800000000001,realKnownCause/ec2_request_latency_system_failure.csv,False,
2014-03-10 09:36:00+00:00,45.07,realKnownCause/ec2_request_latency_system_failure.csv,False,
2014-03-10 09:41:00+00:00,45.816,realKnownCause/ec2_request_latency_system_failure.csv,False,
2014-03-10 09:46:00+00:00,43.996,realKnownCause/ec2_request_latency_system_failure.csv,False,
2014-03-10 09:51:00+00:00,46.032,realKnownCause/ec2_request_latency_system_failure.csv,False,
2014-03-10 09:56:00+00:00,44.718,realKnownCause/ec2_request_latency_system_failure.csv,False,
2014-03-10 10:01:00+00:00,45.422,realKnownCause/ec2_request_latency_system_failure.csv,False,
2014-03-10 10:06:00+00:00,43.428,realKnownCause/ec2_request_latency_system_failure.csv,False,
2014-03-10 10:11:00+00:00,48.982,realKnownCause/ec2_request_latency_system_failure.csv,False,
2014-03-10 10:16:00+00:00,42.004,realKnownCause/ec2_request_latency_system_failure.csv,False,
2014-03-10 10:21:00+00:00,46.5,realKnownCause/ec2_request_latency_system_failure.csv,False,
2014-03-10 10:26:00+00:00,42.582,realKnownCause/ec2_request_latency_system_failure.csv,False,
2014-03-10 10:31:00+00:00,44.272,realKnownCause/ec2_request_latency_system_failure.csv,False,
2014-03-10 10:36:00+00:00,45.542,realKnownCause/ec2_request_latency_system_failure.csv,False,
2014-03-10 10:41:00+00:00,43.272,realKnownCause/ec2_request_latency_system_failure.csv,False,
2014-03-10 10:46:00+00:00,46.514,realKnownCause/ec2_request_latency_system_failure.csv,False,
2014-03-10 10:51:00+00:00,42.68600000000001,realKnownCause/ec2_request_latency_system_failure.csv,False,
2014-03-10 10:56:00+00:00,46.62,realKnownCause/ec2_request_latency_system_failure.csv,False,
2014-03-10 11:01:00+00:00,44.32,realKnownCause/ec2_request_latency_system_failure.csv,False,
2014-03-10 11:06:00+00:00,44.418,realKnownCause/ec2_request_latency_system_failure.csv,False,
2014-03-10 11:11:00+00:00,47.36600000000001,realKnownCause/ec2_request_latency_system_failure.csv,False,
2014-03-10 11:16:00+00:00,45.14,realKnownCause/ec2_request_latency_system_failure.csv,False,
2014-03-10 11:21:00+00:00,42.794,realKnownCause/ec2_request_latency_system_failure.csv,False,
2014-03-10 11:26:00+00:00,44.508,realKnownCause/ec2_request_latency_system_failure.csv,False,
2014-03-10 11:31:00+00:00,44.694,realKnownCause/ec2_request_latency_system_failure.csv,False,
2014-03-10 11:36:00+00:00,45.118,realKnownCause/ec2_request_latency_system_failure.csv,False,
2014-03-10 11:41:00+00:00,47.7,realKnownCause/ec2_request_latency_system_failure.csv,False,
2014-03-10 11:46:00+00:00,44.46,realKnownCause/ec2_request_latency_system_failure.csv,False,
2014-03-10 11:51:00+00:00,42.934,realKnownCause/ec2_request_latency_system_failure.csv,False,
2014-03-10 11:56:00+00:00,46.996,realKnownCause/ec2_request_latency_system_failure.csv,False,
2014-03-10 12:01:00+00:00,44.508,realKnownCause/ec2_request_latency_system_failure.csv,False,
2014-03-10 12:06:00+00:00,44.29600000000001,realKnownCause/ec2_request_latency_system_failure.csv,False,
2014-03-10 12:11:00+00:00,48.004,realKnownCause/ec2_request_latency_system_failure.csv,False,
2014-03-10 12:16:00+00:00,42.816,realKnownCause/ec2_request_latency_system_failure.csv,False,
2014-03-10 12:21:00+00:00,45.774,realKnownCause/ec2_request_latency_system_failure.csv,False,
2014-03-10 12:26:00+00:00,46.042,realKnownCause/ec2_request_latency_system_failure.csv,False,
2014-03-10 12:31:00+00:00,42.136,realKnownCause/ec2_request_latency_system_failure.csv,False,
2014-03-10 12:36:00+00:00,44.484,realKnownCause/ec2_request_latency_system_failure.csv,False,
2014-03-10 12:41:00+00:00,46.67,realKnownCause/ec2_request_latency_system_failure.csv,False,
2014-03-10 12:46:00+00:00,42.992,realKnownCause/ec2_request_latency_system_failure.csv,False,
2014-03-10 12:51:00+00:00,45.182,realKnownCause/ec2_request_latency_system_failure.csv,False,
2014-03-10 12:56:00+00:00,46.56399999999999,realKnownCause/ec2_request_latency_system_failure.csv,False,
2014-03-10 13:01:00+00:00,46.338,realKnownCause/ec2_request_latency_system_failure.csv,False,
2014-03-10 13:06:00+00:00,43.966,realKnownCause/ec2_request_latency_system_failure.csv,False,
2014-03-10 13:11:00+00:00,49.062,realKnownCause/ec2_request_latency_system_failure.csv,False,
2014-03-10 13:16:00+00:00,42.532,realKnownCause/ec2_request_latency_system_failure.csv,False,
2014-03-10 13:21:00+00:00,44.624,realKnownCause/ec2_request_latency_system_failure.csv,False,
2014-03-10 13:26:00+00:00,44.882,realKnownCause/ec2_request_latency_system_failure.csv,False,
2014-03-10 13:31:00+00:00,45.144,realKnownCause/ec2_request_latency_system_failure.csv,False,
2014-03-10 13:36:00+00:00,48.654,realKnownCause/ec2_request_latency_system_failure.csv,False,
2014-03-10 13:41:00+00:00,42.63,realKnownCause/ec2_request_latency_system_failure.csv,False,
2014-03-10 13:46:00+00:00,45.122,realKnownCause/ec2_request_latency_system_failure.csv,False,
2014-03-10 13:51:00+00:00,44.802,realKnownCause/ec2_request_latency_system_failure.csv,False,
2014-03-10 13:56:00+00:00,46.644,realKnownCause/ec2_request_latency_system_failure.csv,False,
2014-03-10 14:01:00+00:00,43.87600000000001,realKnownCause/ec2_request_latency_system_failure.csv,False,
2014-03-10 14:06:00+00:00,47.208,realKnownCause/ec2_request_latency_system_failure.csv,False,
2014-03-10 14:11:00+00:00,46.628,realKnownCause/ec2_request_latency_system_failure.csv,False,
2014-03-10 14:16:00+00:00,43.9,realKnownCause/ec2_request_latency_system_failure.csv,False,
2014-03-10 14:21:00+00:00,44.648,realKnownCause/ec2_request_latency_system_failure.csv,False,
2014-03-10 14:26:00+00:00,45.37600000000001,realKnownCause/ec2_request_latency_system_failure.csv,False,
2014-03-10 14:31:00+00:00,46.62,realKnownCause/ec2_request_latency_system_failure.csv,False,
2014-03-10 14:36:00+00:00,42.864,realKnownCause/ec2_request_latency_system_failure.csv,False,
2014-03-10 14:41:00+00:00,47.582,realKnownCause/ec2_request_latency_system_failure.csv,False,
2014-03-10 14:46:00+00:00,43.24,realKnownCause/ec2_request_latency_system_failure.csv,False,
2014-03-10 14:51:00+00:00,43.224,realKnownCause/ec2_request_latency_system_failure.csv,False,
2014-03-10 14:56:00+00:00,47.3,realKnownCause/ec2_request_latency_system_failure.csv,False,
2014-03-10 15:01:00+00:00,46.572,realKnownCause/ec2_request_latency_system_failure.csv,False,
2014-03-10 15:06:00+00:00,43.618,realKnownCause/ec2_request_latency_system_failure.csv,False,
2014-03-10 15:11:00+00:00,46.77,realKnownCause/ec2_request_latency_system_failure.csv,False,
2014-03-10 15:16:00+00:00,46.326,realKnownCause/ec2_request_latency_system_failure.csv,False,
2014-03-10 15:21:00+00:00,44.99,realKnownCause/ec2_request_latency_system_failure.csv,False,
2014-03-10 15:26:00+00:00,45.164,realKnownCause/ec2_request_latency_system_failure.csv,False,
2014-03-10 15:31:00+00:00,49.622,realKnownCause/ec2_request_latency_system_failure.csv,False,
2014-03-10 15:36:00+00:00,43.334,realKnownCause/ec2_request_latency_system_failure.csv,False,
2014-03-10 15:41:00+00:00,46.432,realKnownCause/ec2_request_latency_system_failure.csv,False,
2014-03-10 15:46:00+00:00,45.006,realKnownCause/ec2_request_latency_system_failure.csv,False,
2014-03-10 15:51:00+00:00,45.09,realKnownCause/ec2_request_latency_system_failure.csv,False,
2014-03-10 15:56:00+00:00,46.784,realKnownCause/ec2_request_latency_system_failure.csv,False,
2014-03-10 16:01:00+00:00,46.948,realKnownCause/ec2_request_latency_system_failure.csv,False,
2014-03-10 16:06:00+00:00,44.79,realKnownCause/ec2_request_latency_system_failure.csv,False,
2014-03-10 16:11:00+00:00,45.61,realKnownCause/ec2_request_latency_system_failure.csv,False,
2014-03-10 16:16:00+00:00,45.258,realKnownCause/ec2_request_latency_system_failure.csv,False,
2014-03-10 16:21:00+00:00,44.58600000000001,realKnownCause/ec2_request_latency_system_failure.csv,False,
2014-03-10 16:26:00+00:00,47.362,realKnownCause/ec2_request_latency_system_failure.csv,False,
2014-03-10 16:31:00+00:00,45.966,realKnownCause/ec2_request_latency_system_failure.csv,False,
2014-03-10 16:36:00+00:00,42.378,realKnownCause/ec2_request_latency_system_failure.csv,False,
2014-03-10 16:41:00+00:00,45.54,realKnownCause/ec2_request_latency_system_failure.csv,False,
2014-03-10 16:46:00+00:00,46.31399999999999,realKnownCause/ec2_request_latency_system_failure.csv,False,
2014-03-10 16:51:00+00:00,43.736,realKnownCause/ec2_request_latency_system_failure.csv,False,
2014-03-10 16:56:00+00:00,47.536,realKnownCause/ec2_request_latency_system_failure.csv,False,
2014-03-10 17:01:00+00:00,47.84,realKnownCause/ec2_request_latency_system_failure.csv,False,
2014-03-10 17:06:00+00:00,43.262,realKnownCause/ec2_request_latency_system_failure.csv,False,
2014-03-10 17:11:00+00:00,47.864,realKnownCause/ec2_request_latency_system_failure.csv,False,
2014-03-10 17:16:00+00:00,45.218,realKnownCause/ec2_request_latency_system_failure.csv,False,
2014-03-10 17:21:00+00:00,48.858,realKnownCause/ec2_request_latency_system_failure.csv,False,
2014-03-10 17:26:00+00:00,44.132,realKnownCause/ec2_request_latency_system_failure.csv,False,
2014-03-10 17:31:00+00:00,44.85,realKnownCause/ec2_request_latency_system_failure.csv,False,
2014-03-10 17:36:00+00:00,48.262,realKnownCause/ec2_request_latency_system_failure.csv,False,
2014-03-10 17:41:00+00:00,44.788,realKnownCause/ec2_request_latency_system_failure.csv,False,
2014-03-10 17:46:00+00:00,44.43,realKnownCause/ec2_request_latency_system_failure.csv,False,
2014-03-10 17:51:00+00:00,45.006,realKnownCause/ec2_request_latency_system_failure.csv,False,
2014-03-10 17:56:00+00:00,47.184,realKnownCause/ec2_request_latency_system_failure.csv,False,
2014-03-10 18:01:00+00:00,46.666,realKnownCause/ec2_request_latency_system_failure.csv,False,
2014-03-10 18:06:00+00:00,46.402,realKnownCause/ec2_request_latency_system_failure.csv,False,
2014-03-10 18:11:00+00:00,46.55,realKnownCause/ec2_request_latency_system_failure.csv,False,
2014-03-10 18:16:00+00:00,43.688,realKnownCause/ec2_request_latency_system_failure.csv,False,
2014-03-10 18:21:00+00:00,46.744,realKnownCause/ec2_request_latency_system_failure.csv,False,
2014-03-10 18:26:00+00:00,45.108,realKnownCause/ec2_request_latency_system_failure.csv,False,
2014-03-10 18:31:00+00:00,45.44600000000001,realKnownCause/ec2_request_latency_system_failure.csv,False,
2014-03-10 18:36:00+00:00,45.37600000000001,realKnownCause/ec2_request_latency_system_failure.csv,False,
2014-03-10 18:41:00+00:00,46.596,realKnownCause/ec2_request_latency_system_failure.csv,False,
2014-03-10 18:46:00+00:00,45.894,realKnownCause/ec2_request_latency_system_failure.csv,False,
2014-03-10 18:51:00+00:00,43.434,realKnownCause/ec2_request_latency_system_failure.csv,False,
2014-03-10 18:56:00+00:00,47.462,realKnownCause/ec2_request_latency_system_failure.csv,False,
2014-03-10 19:01:00+00:00,48.072,realKnownCause/ec2_request_latency_system_failure.csv,False,
2014-03-10 19:06:00+00:00,43.49800000000001,realKnownCause/ec2_request_latency_system_failure.csv,False,
2014-03-10 19:11:00+00:00,48.81399999999999,realKnownCause/ec2_request_latency_system_failure.csv,False,
2014-03-10 19:16:00+00:00,44.6,realKnownCause/ec2_request_latency_system_failure.csv,False,
2014-03-10 19:21:00+00:00,46.572,realKnownCause/ec2_request_latency_system_failure.csv,False,
2014-03-10 19:26:00+00:00,44.43600000000001,realKnownCause/ec2_request_latency_system_failure.csv,False,
2014-03-10 19:31:00+00:00,46.504,realKnownCause/ec2_request_latency_system_failure.csv,False,
2014-03-10 19:36:00+00:00,46.854,realKnownCause/ec2_request_latency_system_failure.csv,False,
2014-03-10 19:41:00+00:00,47.018,realKnownCause/ec2_request_latency_system_failure.csv,False,
2014-03-10 19:46:00+00:00,45.526,realKnownCause/ec2_request_latency_system_failure.csv,False,
2014-03-10 19:51:00+00:00,48.524,realKnownCause/ec2_request_latency_system_failure.csv,False,
2014-03-10 19:56:00+00:00,45.118,realKnownCause/ec2_request_latency_system_failure.csv,False,
2014-03-10 20:01:00+00:00,47.208,realKnownCause/ec2_request_latency_system_failure.csv,False,
2014-03-10 20:06:00+00:00,44.114,realKnownCause/ec2_request_latency_system_failure.csv,False,
2014-03-10 20:11:00+00:00,48.428,realKnownCause/ec2_request_latency_system_failure.csv,False,
2014-03-10 20:16:00+00:00,47.652,realKnownCause/ec2_request_latency_system_failure.csv,False,
2014-03-10 20:21:00+00:00,47.816,realKnownCause/ec2_request_latency_system_failure.csv,False,
2014-03-10 20:26:00+00:00,45.282,realKnownCause/ec2_request_latency_system_failure.csv,False,
2014-03-10 20:31:00+00:00,46.338,realKnownCause/ec2_request_latency_system_failure.csv,False,
2014-03-10 20:36:00+00:00,45.542,realKnownCause/ec2_request_latency_system_failure.csv,False,
2014-03-10 20:41:00+00:00,49.95399999999999,realKnownCause/ec2_request_latency_system_failure.csv,False,
2014-03-10 20:46:00+00:00,42.06399999999999,realKnownCause/ec2_request_latency_system_failure.csv,False,
2014-03-10 20:51:00+00:00,47.652,realKnownCause/ec2_request_latency_system_failure.csv,False,
2014-03-10 20:56:00+00:00,46.556,realKnownCause/ec2_request_latency_system_failure.csv,False,
2014-03-10 21:01:00+00:00,45.752,realKnownCause/ec2_request_latency_system_failure.csv,False,
2014-03-10 21:06:00+00:00,45.916,realKnownCause/ec2_request_latency_system_failure.csv,False,
2014-03-10 21:11:00+00:00,47.276,realKnownCause/ec2_request_latency_system_failure.csv,False,
2014-03-10 21:16:00+00:00,45.716,realKnownCause/ec2_request_latency_system_failure.csv,False,
2014-03-10 21:21:00+00:00,47.006,realKnownCause/ec2_request_latency_system_failure.csv,False,
2014-03-10 21:26:00+00:00,46.528,realKnownCause/ec2_request_latency_system_failure.csv,False,
2014-03-10 21:31:00+00:00,46.854,realKnownCause/ec2_request_latency_system_failure.csv,False,
2014-03-10 21:36:00+00:00,44.128,realKnownCause/ec2_request_latency_system_failure.csv,False,
2014-03-10 21:41:00+00:00,47.018,realKnownCause/ec2_request_latency_system_failure.csv,False,
2014-03-10 21:46:00+00:00,46.088,realKnownCause/ec2_request_latency_system_failure.csv,False,
2014-03-10 21:51:00+00:00,45.822,realKnownCause/ec2_request_latency_system_failure.csv,False,
2014-03-10 21:56:00+00:00,49.718,realKnownCause/ec2_request_latency_system_failure.csv,False,
2014-03-10 22:01:00+00:00,45.258,realKnownCause/ec2_request_latency_system_failure.csv,False,
2014-03-10 22:06:00+00:00,44.578,realKnownCause/ec2_request_latency_system_failure.csv,False,
2014-03-10 22:11:00+00:00,47.512,realKnownCause/ec2_request_latency_system_failure.csv,False,
2014-03-10 22:16:00+00:00,45.658,realKnownCause/ec2_request_latency_system_failure.csv,False,
2014-03-10 22:21:00+00:00,46.996,realKnownCause/ec2_request_latency_system_failure.csv,False,
2014-03-10 22:26:00+00:00,47.904,realKnownCause/ec2_request_latency_system_failure.csv,False,
2014-03-10 22:31:00+00:00,44.882,realKnownCause/ec2_request_latency_system_failure.csv,False,
2014-03-10 22:36:00+00:00,46.644,realKnownCause/ec2_request_latency_system_failure.csv,False,
2014-03-10 22:41:00+00:00,44.624,realKnownCause/ec2_request_latency_system_failure.csv,False,
2014-03-10 22:46:00+00:00,50.992,realKnownCause/ec2_request_latency_system_failure.csv,False,
2014-03-10 22:51:00+00:00,47.536,realKnownCause/ec2_request_latency_system_failure.csv,False,
2014-03-10 22:56:00+00:00,50.938,realKnownCause/ec2_request_latency_system_failure.csv,False,
2014-03-10 23:01:00+00:00,43.874,realKnownCause/ec2_request_latency_system_failure.csv,False,
2014-03-10 23:06:00+00:00,48.098,realKnownCause/ec2_request_latency_system_failure.csv,False,
2014-03-10 23:11:00+00:00,48.216,realKnownCause/ec2_request_latency_system_failure.csv,False,
2014-03-10 23:16:00+00:00,48.098,realKnownCause/ec2_request_latency_system_failure.csv,False,
2014-03-10 23:21:00+00:00,44.93,realKnownCause/ec2_request_latency_system_failure.csv,False,
2014-03-10 23:26:00+00:00,47.672,realKnownCause/ec2_request_latency_system_failure.csv,False,
2014-03-10 23:31:00+00:00,44.576,realKnownCause/ec2_request_latency_system_failure.csv,False,
2014-03-10 23:36:00+00:00,47.184,realKnownCause/ec2_request_latency_system_failure.csv,False,
2014-03-10 23:41:00+00:00,47.276,realKnownCause/ec2_request_latency_system_failure.csv,False,
2014-03-10 23:46:00+00:00,46.032,realKnownCause/ec2_request_latency_system_failure.csv,False,
2014-03-10 23:51:00+00:00,47.098,realKnownCause/ec2_request_latency_system_failure.csv,False,
2014-03-10 23:56:00+00:00,49.524,realKnownCause/ec2_request_latency_system_failure.csv,False,
2014-03-11 00:01:00+00:00,46.032,realKnownCause/ec2_request_latency_system_failure.csv,False,
2014-03-11 00:06:00+00:00,44.508,realKnownCause/ec2_request_latency_system_failure.csv,False,
2014-03-11 00:11:00+00:00,48.544,realKnownCause/ec2_request_latency_system_failure.csv,False,
2014-03-11 00:16:00+00:00,46.12600000000001,realKnownCause/ec2_request_latency_system_failure.csv,False,
2014-03-11 00:21:00+00:00,46.22,realKnownCause/ec2_request_latency_system_failure.csv,False,
2014-03-11 00:26:00+00:00,49.558,realKnownCause/ec2_request_latency_system_failure.csv,False,
2014-03-11 00:31:00+00:00,44.342,realKnownCause/ec2_request_latency_system_failure.csv,False,
2014-03-11 00:36:00+00:00,46.636,realKnownCause/ec2_request_latency_system_failure.csv,False,
2014-03-11 00:41:00+00:00,46.974,realKnownCause/ec2_request_latency_system_failure.csv,False,
2014-03-11 00:46:00+00:00,46.45,realKnownCause/ec2_request_latency_system_failure.csv,False,
2014-03-11 00:51:00+00:00,46.354,realKnownCause/ec2_request_latency_system_failure.csv,False,
2014-03-11 00:56:00+00:00,51.056,realKnownCause/ec2_request_latency_system_failure.csv,False,
2014-03-11 01:01:00+00:00,45.83600000000001,realKnownCause/ec2_request_latency_system_failure.csv,False,
2014-03-11 01:06:00+00:00,46.526,realKnownCause/ec2_request_latency_system_failure.csv,False,
2014-03-11 01:11:00+00:00,47.276,realKnownCause/ec2_request_latency_system_failure.csv,False,
2014-03-11 01:16:00+00:00,48.93,realKnownCause/ec2_request_latency_system_failure.csv,False,
2014-03-11 01:21:00+00:00,46.996,realKnownCause/ec2_request_latency_system_failure.csv,False,
2014-03-11 01:26:00+00:00,48.212,realKnownCause/ec2_request_latency_system_failure.csv,False,
2014-03-11 01:31:00+00:00,45.114,realKnownCause/ec2_request_latency_system_failure.csv,False,
2014-03-11 01:36:00+00:00,46.526,realKnownCause/ec2_request_latency_system_failure.csv,False,
2014-03-11 01:41:00+00:00,47.512,realKnownCause/ec2_request_latency_system_failure.csv,False,
2014-03-11 01:46:00+00:00,50.234,realKnownCause/ec2_request_latency_system_failure.csv,False,
2014-03-11 01:51:00+00:00,41.996,realKnownCause/ec2_request_latency_system_failure.csv,False,
2014-03-11 01:56:00+00:00,47.724,realKnownCause/ec2_request_latency_system_failure.csv,False,
2014-03-11 02:01:00+00:00,47.86600000000001,realKnownCause/ec2_request_latency_system_failure.csv,False,
2014-03-11 02:06:00+00:00,44.084,realKnownCause/ec2_request_latency_system_failure.csv,False,
2014-03-11 02:11:00+00:00,48.31,realKnownCause/ec2_request_latency_system_failure.csv,False,
2014-03-11 02:16:00+00:00,45.374,realKnownCause/ec2_request_latency_system_failure.csv,False,
2014-03-11 02:21:00+00:00,45.54,realKnownCause/ec2_request_latency_system_failure.csv,False,
2014-03-11 02:26:00+00:00,49.038,realKnownCause/ec2_request_latency_system_failure.csv,False,
2014-03-11 02:31:00+00:00,45.37600000000001,realKnownCause/ec2_request_latency_system_failure.csv,False,
2014-03-11 02:36:00+00:00,44.624,realKnownCause/ec2_request_latency_system_failure.csv,False,
2014-03-11 02:41:00+00:00,45.51600000000001,realKnownCause/ec2_request_latency_system_failure.csv,False,
2014-03-11 02:46:00+00:00,45.938,realKnownCause/ec2_request_latency_system_failure.csv,False,
2014-03-11 02:51:00+00:00,47.17,realKnownCause/ec2_request_latency_system_failure.csv,False,
2014-03-11 02:56:00+00:00,46.786,realKnownCause/ec2_request_latency_system_failure.csv,False,
2014-03-11 03:01:00+00:00,46.924,realKnownCause/ec2_request_latency_system_failure.csv,False,
2014-03-11 03:06:00+00:00,44.038,realKnownCause/ec2_request_latency_system_failure.csv,False,
2014-03-11 03:11:00+00:00,50.0,realKnownCause/ec2_request_latency_system_failure.csv,False,
2014-03-11 03:16:00+00:00,44.022,realKnownCause/ec2_request_latency_system_failure.csv,False,
2014-03-11 03:21:00+00:00,46.714,realKnownCause/ec2_request_latency_system_failure.csv,False,
2014-03-11 03:26:00+00:00,46.55,realKnownCause/ec2_request_latency_system_failure.csv,False,
2014-03-11 03:31:00+00:00,48.802,realKnownCause/ec2_request_latency_system_failure.csv,False,
2014-03-11 03:36:00+00:00,43.99,realKnownCause/ec2_request_latency_system_failure.csv,False,
2014-03-11 03:41:00+00:00,47.958,realKnownCause/ec2_request_latency_system_failure.csv,False,
2014-03-11 03:46:00+00:00,46.53,realKnownCause/ec2_request_latency_system_failure.csv,False,
2014-03-11 03:51:00+00:00,48.756,realKnownCause/ec2_request_latency_system_failure.csv,False,
2014-03-11 03:56:00+00:00,45.328,realKnownCause/ec2_request_latency_system_failure.csv,False,
2014-03-11 04:01:00+00:00,48.708,realKnownCause/ec2_request_latency_system_failure.csv,False,
2014-03-11 04:06:00+00:00,47.206,realKnownCause/ec2_request_latency_system_failure.csv,False,
2014-03-11 04:11:00+00:00,49.39,realKnownCause/ec2_request_latency_system_failure.csv,False,
2014-03-11 04:16:00+00:00,45.58600000000001,realKnownCause/ec2_request_latency_system_failure.csv,False,
2014-03-11 04:21:00+00:00,47.934,realKnownCause/ec2_request_latency_system_failure.csv,False,
2014-03-11 04:26:00+00:00,45.752,realKnownCause/ec2_request_latency_system_failure.csv,False,
2014-03-11 04:31:00+00:00,47.88800000000001,realKnownCause/ec2_request_latency_system_failure.csv,False,
2014-03-11 04:36:00+00:00,44.18600000000001,realKnownCause/ec2_request_latency_system_failure.csv,False,
2014-03-11 04:41:00+00:00,46.362,realKnownCause/ec2_request_latency_system_failure.csv,False,
2014-03-11 04:46:00+00:00,48.826,realKnownCause/ec2_request_latency_system_failure.csv,False,
2014-03-11 04:51:00+00:00,45.658,realKnownCause/ec2_request_latency_system_failure.csv,False,
2014-03-11 04:56:00+00:00,47.716,realKnownCause/ec2_request_latency_system_failure.csv,False,
2014-03-11 05:01:00+00:00,48.58600000000001,realKnownCause/ec2_request_latency_system_failure.csv,False,
2014-03-11 05:06:00+00:00,45.918,realKnownCause/ec2_request_latency_system_failure.csv,False,
2014-03-11 05:11:00+00:00,49.17,realKnownCause/ec2_request_latency_system_failure.csv,False,
2014-03-11 05:16:00+00:00,47.464,realKnownCause/ec2_request_latency_system_failure.csv,False,
2014-03-11 05:21:00+00:00,48.104,realKnownCause/ec2_request_latency_system_failure.csv,False,
2014-03-11 05:26:00+00:00,46.072,realKnownCause/ec2_request_latency_system_failure.csv,False,
2014-03-11 05:31:00+00:00,50.846,realKnownCause/ec2_request_latency_system_failure.csv,False,
2014-03-11 05:36:00+00:00,43.052,realKnownCause/ec2_request_latency_system_failure.csv,False,
2014-03-11 05:41:00+00:00,47.966,realKnownCause/ec2_request_latency_system_failure.csv,False,
2014-03-11 05:46:00+00:00,47.184,realKnownCause/ec2_request_latency_system_failure.csv,False,
2014-03-11 05:51:00+00:00,46.478,realKnownCause/ec2_request_latency_system_failure.csv,False,
2014-03-11 05:56:00+00:00,49.812,realKnownCause/ec2_request_latency_system_failure.csv,False,
2014-03-11 06:01:00+00:00,46.878,realKnownCause/ec2_request_latency_system_failure.csv,False,
2014-03-11 06:06:00+00:00,45.024,realKnownCause/ec2_request_latency_system_failure.csv,False,
2014-03-11 06:11:00+00:00,48.1,realKnownCause/ec2_request_latency_system_failure.csv,False,
2014-03-11 06:16:00+00:00,44.896,realKnownCause/ec2_request_latency_system_failure.csv,False,
2014-03-11 06:21:00+00:00,48.31,realKnownCause/ec2_request_latency_system_failure.csv,False,
2014-03-11 06:26:00+00:00,46.83,realKnownCause/ec2_request_latency_system_failure.csv,False,
2014-03-11 06:31:00+00:00,47.09,realKnownCause/ec2_request_latency_system_failure.csv,False,
2014-03-11 06:36:00+00:00,44.93,realKnownCause/ec2_request_latency_system_failure.csv,False,
2014-03-11 06:41:00+00:00,46.20399999999999,realKnownCause/ec2_request_latency_system_failure.csv,False,
2014-03-11 06:46:00+00:00,46.718,realKnownCause/ec2_request_latency_system_failure.csv,False,
2014-03-11 06:51:00+00:00,46.652,realKnownCause/ec2_request_latency_system_failure.csv,False,
2014-03-11 06:56:00+00:00,48.64,realKnownCause/ec2_request_latency_system_failure.csv,False,
2014-03-11 07:01:00+00:00,48.56800000000001,realKnownCause/ec2_request_latency_system_failure.csv,False,
2014-03-11 07:06:00+00:00,46.924,realKnownCause/ec2_request_latency_system_failure.csv,False,
2014-03-11 07:11:00+00:00,47.91,realKnownCause/ec2_request_latency_system_failure.csv,False,
2014-03-11 07:16:00+00:00,45.208,realKnownCause/ec2_request_latency_system_failure.csv,False,
2014-03-11 07:21:00+00:00,47.09,realKnownCause/ec2_request_latency_system_failure.csv,False,
2014-03-11 07:26:00+00:00,48.262,realKnownCause/ec2_request_latency_system_failure.csv,False,
2014-03-11 07:31:00+00:00,44.624,realKnownCause/ec2_request_latency_system_failure.csv,False,
2014-03-11 07:36:00+00:00,46.38399999999999,realKnownCause/ec2_request_latency_system_failure.csv,False,
2014-03-11 07:41:00+00:00,50.118,realKnownCause/ec2_request_latency_system_failure.csv,False,
2014-03-11 07:46:00+00:00,45.752,realKnownCause/ec2_request_latency_system_failure.csv,False,
2014-03-11 07:51:00+00:00,47.066,realKnownCause/ec2_request_latency_system_failure.csv,False,
2014-03-11 07:56:00+00:00,46.154,realKnownCause/ec2_request_latency_system_failure.csv,False,
2014-03-11 08:01:00+00:00,49.292,realKnownCause/ec2_request_latency_system_failure.csv,False,
2014-03-11 08:06:00+00:00,42.558,realKnownCause/ec2_request_latency_system_failure.csv,False,
2014-03-11 08:11:00+00:00,47.276,realKnownCause/ec2_request_latency_system_failure.csv,False,
2014-03-11 08:16:00+00:00,45.0,realKnownCause/ec2_request_latency_system_failure.csv,False,
2014-03-11 08:21:00+00:00,45.968,realKnownCause/ec2_request_latency_system_failure.csv,False,
2014-03-11 08:26:00+00:00,46.794,realKnownCause/ec2_request_latency_system_failure.csv,False,
2014-03-11 08:31:00+00:00,47.238,realKnownCause/ec2_request_latency_system_failure.csv,False,
2014-03-11 08:36:00+00:00,45.938,realKnownCause/ec2_request_latency_system_failure.csv,False,
2014-03-11 08:41:00+00:00,43.736,realKnownCause/ec2_request_latency_system_failure.csv,False,
2014-03-11 08:46:00+00:00,48.17,realKnownCause/ec2_request_latency_system_failure.csv,False,
2014-03-11 08:51:00+00:00,42.934,realKnownCause/ec2_request_latency_system_failure.csv,False,
2014-03-11 08:56:00+00:00,47.418,realKnownCause/ec2_request_latency_system_failure.csv,False,
2014-03-11 09:01:00+00:00,44.982,realKnownCause/ec2_request_latency_system_failure.csv,False,
2014-03-11 09:06:00+00:00,47.41,realKnownCause/ec2_request_latency_system_failure.csv,False,
2014-03-11 09:11:00+00:00,46.292,realKnownCause/ec2_request_latency_system_failure.csv,False,
2014-03-11 09:16:00+00:00,42.8,realKnownCause/ec2_request_latency_system_failure.csv,False,
2014-03-11 09:21:00+00:00,45.234,realKnownCause/ec2_request_latency_system_failure.csv,False,
2014-03-11 09:26:00+00:00,45.222,realKnownCause/ec2_request_latency_system_failure.csv,False,
2014-03-11 09:31:00+00:00,45.422,realKnownCause/ec2_request_latency_system_failure.csv,False,
2014-03-11 09:36:00+00:00,49.86,realKnownCause/ec2_request_latency_system_failure.csv,False,
2014-03-11 09:41:00+00:00,42.7,realKnownCause/ec2_request_latency_system_failure.csv,False,
2014-03-11 09:46:00+00:00,46.55,realKnownCause/ec2_request_latency_system_failure.csv,False,
2014-03-11 09:51:00+00:00,43.682,realKnownCause/ec2_request_latency_system_failure.csv,False,
2014-03-11 09:56:00+00:00,47.512,realKnownCause/ec2_request_latency_system_failure.csv,False,
2014-03-11 10:01:00+00:00,45.622,realKnownCause/ec2_request_latency_system_failure.csv,False,
2014-03-11 10:06:00+00:00,45.51600000000001,realKnownCause/ec2_request_latency_system_failure.csv,False,
2014-03-11 10:11:00+00:00,48.944,realKnownCause/ec2_request_latency_system_failure.csv,False,
2014-03-11 10:16:00+00:00,43.68600000000001,realKnownCause/ec2_request_latency_system_failure.csv,False,
2014-03-11 10:21:00+00:00,46.738,realKnownCause/ec2_request_latency_system_failure.csv,False,
2014-03-11 10:26:00+00:00,46.948,realKnownCause/ec2_request_latency_system_failure.csv,False,
2014-03-11 10:31:00+00:00,42.746,realKnownCause/ec2_request_latency_system_failure.csv,False,
2014-03-11 10:36:00+00:00,44.82,realKnownCause/ec2_request_latency_system_failure.csv,False,
2014-03-11 10:41:00+00:00,45.862,realKnownCause/ec2_request_latency_system_failure.csv,False,
2014-03-11 10:46:00+00:00,47.51600000000001,realKnownCause/ec2_request_latency_system_failure.csv,False,
2014-03-11 10:51:00+00:00,43.786,realKnownCause/ec2_request_latency_system_failure.csv,False,
2014-03-11 10:56:00+00:00,47.966,realKnownCause/ec2_request_latency_system_failure.csv,False,
2014-03-11 11:01:00+00:00,47.16,realKnownCause/ec2_request_latency_system_failure.csv,False,
2014-03-11 11:06:00+00:00,44.46,realKnownCause/ec2_request_latency_system_failure.csv,False,
2014-03-11 11:11:00+00:00,47.488,realKnownCause/ec2_request_latency_system_failure.csv,False,
2014-03-11 11:16:00+00:00,46.268,realKnownCause/ec2_request_latency_system_failure.csv,False,
2014-03-11 11:21:00+00:00,47.254,realKnownCause/ec2_request_latency_system_failure.csv,False,
2014-03-11 11:26:00+00:00,44.39,realKnownCause/ec2_request_latency_system_failure.csv,False,
2014-03-11 11:31:00+00:00,45.68,realKnownCause/ec2_request_latency_system_failure.csv,False,
2014-03-11 11:36:00+00:00,46.666,realKnownCause/ec2_request_latency_system_failure.csv,False,
2014-03-11 11:41:00+00:00,48.236,realKnownCause/ec2_request_latency_system_failure.csv,False,
2014-03-11 11:46:00+00:00,46.29,realKnownCause/ec2_request_latency_system_failure.csv,False,
2014-03-11 11:51:00+00:00,43.602,realKnownCause/ec2_request_latency_system_failure.csv,False,
2014-03-11 11:56:00+00:00,48.174,realKnownCause/ec2_request_latency_system_failure.csv,False,
2014-03-11 12:01:00+00:00,45.47,realKnownCause/ec2_request_latency_system_failure.csv,False,
2014-03-11 12:06:00+00:00,48.402,realKnownCause/ec2_request_latency_system_failure.csv,False,
2014-03-11 12:11:00+00:00,45.39,realKnownCause/ec2_request_latency_system_failure.csv,False,
2014-03-11 12:16:00+00:00,47.592,realKnownCause/ec2_request_latency_system_failure.csv,False,
2014-03-11 12:21:00+00:00,44.494,realKnownCause/ec2_request_latency_system_failure.csv,False,
2014-03-11 12:26:00+00:00,44.724,realKnownCause/ec2_request_latency_system_failure.csv,False,
2014-03-11 12:31:00+00:00,45.938,realKnownCause/ec2_request_latency_system_failure.csv,False,
2014-03-11 12:36:00+00:00,45.56399999999999,realKnownCause/ec2_request_latency_system_failure.csv,False,
2014-03-11 12:41:00+00:00,45.4,realKnownCause/ec2_request_latency_system_failure.csv,False,
2014-03-11 12:46:00+00:00,47.23,realKnownCause/ec2_request_latency_system_failure.csv,False,
2014-03-11 12:51:00+00:00,46.31800000000001,realKnownCause/ec2_request_latency_system_failure.csv,False,
2014-03-11 12:56:00+00:00,46.596,realKnownCause/ec2_request_latency_system_failure.csv,False,
2014-03-11 13:01:00+00:00,43.99,realKnownCause/ec2_request_latency_system_failure.csv,False,
2014-03-11 13:06:00+00:00,45.452,realKnownCause/ec2_request_latency_system_failure.csv,False,
2014-03-11 13:11:00+00:00,47.982,realKnownCause/ec2_request_latency_system_failure.csv,False,
2014-03-11 13:16:00+00:00,47.91,realKnownCause/ec2_request_latency_system_failure.csv,False,
2014-03-11 13:21:00+00:00,44.342,realKnownCause/ec2_request_latency_system_failure.csv,False,
2014-03-11 13:26:00+00:00,45.822,realKnownCause/ec2_request_latency_system_failure.csv,False,
2014-03-11 13:31:00+00:00,48.68600000000001,realKnownCause/ec2_request_latency_system_failure.csv,False,
2014-03-11 13:36:00+00:00,45.258,realKnownCause/ec2_request_latency_system_failure.csv,False,
2014-03-11 13:41:00+00:00,49.154,realKnownCause/ec2_request_latency_system_failure.csv,False,
2014-03-11 13:46:00+00:00,45.118,realKnownCause/ec2_request_latency_system_failure.csv,False,
2014-03-11 13:51:00+00:00,46.948,realKnownCause/ec2_request_latency_system_failure.csv,False,
2014-03-11 13:56:00+00:00,48.398,realKnownCause/ec2_request_latency_system_failure.csv,False,
2014-03-11 14:01:00+00:00,45.68,realKnownCause/ec2_request_latency_system_failure.csv,False,
2014-03-11 14:06:00+00:00,46.644,realKnownCause/ec2_request_latency_system_failure.csv,False,
2014-03-11 14:11:00+00:00,50.422,realKnownCause/ec2_request_latency_system_failure.csv,False,
2014-03-11 14:16:00+00:00,45.51600000000001,realKnownCause/ec2_request_latency_system_failure.csv,False,
2014-03-11 14:21:00+00:00,47.79600000000001,realKnownCause/ec2_request_latency_system_failure.csv,False,
2014-03-11 14:26:00+00:00,43.374,realKnownCause/ec2_request_latency_system_failure.csv,False,
2014-03-11 14:31:00+00:00,46.746,realKnownCause/ec2_request_latency_system_failure.csv,False,
2014-03-11 14:36:00+00:00,46.08,realKnownCause/ec2_request_latency_system_failure.csv,False,
2014-03-11 14:41:00+00:00,47.934,realKnownCause/ec2_request_latency_system_failure.csv,False,
2014-03-11 14:46:00+00:00,45.432,realKnownCause/ec2_request_latency_system_failure.csv,False,
2014-03-11 14:51:00+00:00,47.418,realKnownCause/ec2_request_latency_system_failure.csv,False,
2014-03-11 14:56:00+00:00,47.934,realKnownCause/ec2_request_latency_system_failure.csv,False,
2014-03-11 15:01:00+00:00,48.712,realKnownCause/ec2_request_latency_system_failure.csv,False,
2014-03-11 15:06:00+00:00,45.32,realKnownCause/ec2_request_latency_system_failure.csv,False,
2014-03-11 15:11:00+00:00,46.13399999999999,realKnownCause/ec2_request_latency_system_failure.csv,False,
2014-03-11 15:16:00+00:00,46.334,realKnownCause/ec2_request_latency_system_failure.csv,False,
2014-03-11 15:21:00+00:00,49.038,realKnownCause/ec2_request_latency_system_failure.csv,False,
2014-03-11 15:26:00+00:00,47.37,realKnownCause/ec2_request_latency_system_failure.csv,False,
2014-03-11 15:31:00+00:00,44.342,realKnownCause/ec2_request_latency_system_failure.csv,False,
2014-03-11 15:36:00+00:00,47.066,realKnownCause/ec2_request_latency_system_failure.csv,False,
2014-03-11 15:41:00+00:00,51.972,realKnownCause/ec2_request_latency_system_failure.csv,False,
2014-03-11 15:46:00+00:00,44.598,realKnownCause/ec2_request_latency_system_failure.csv,False,
2014-03-11 15:51:00+00:00,49.518,realKnownCause/ec2_request_latency_system_failure.csv,False,
2014-03-11 15:56:00+00:00,46.362,realKnownCause/ec2_request_latency_system_failure.csv,False,
2014-03-11 16:01:00+00:00,47.654,realKnownCause/ec2_request_latency_system_failure.csv,False,
2014-03-11 16:06:00+00:00,47.844,realKnownCause/ec2_request_latency_system_failure.csv,False,
2014-03-11 16:11:00+00:00,48.81399999999999,realKnownCause/ec2_request_latency_system_failure.csv,False,
2014-03-11 16:16:00+00:00,44.95399999999999,realKnownCause/ec2_request_latency_system_failure.csv,False,
2014-03-11 16:21:00+00:00,45.774,realKnownCause/ec2_request_latency_system_failure.csv,False,
2014-03-11 16:26:00+00:00,46.418,realKnownCause/ec2_request_latency_system_failure.csv,False,
2014-03-11 16:31:00+00:00,45.886,realKnownCause/ec2_request_latency_system_failure.csv,False,
2014-03-11 16:36:00+00:00,49.272,realKnownCause/ec2_request_latency_system_failure.csv,False,
2014-03-11 16:41:00+00:00,48.61600000000001,realKnownCause/ec2_request_latency_system_failure.csv,False,
2014-03-11 16:46:00+00:00,42.538,realKnownCause/ec2_request_latency_system_failure.csv,False,
2014-03-11 16:51:00+00:00,46.526,realKnownCause/ec2_request_latency_system_failure.csv,False,
2014-03-11 16:56:00+00:00,49.056,realKnownCause/ec2_request_latency_system_failure.csv,False,
2014-03-11 17:01:00+00:00,48.618,realKnownCause/ec2_request_latency_system_failure.csv,False,
2014-03-11 17:06:00+00:00,44.578,realKnownCause/ec2_request_latency_system_failure.csv,False,
2014-03-11 17:11:00+00:00,48.404,realKnownCause/ec2_request_latency_system_failure.csv,False,
2014-03-11 17:16:00+00:00,47.81,realKnownCause/ec2_request_latency_system_failure.csv,False,
2014-03-11 17:21:00+00:00,44.83600000000001,realKnownCause/ec2_request_latency_system_failure.csv,False,
2014-03-11 17:26:00+00:00,49.226000000000006,realKnownCause/ec2_request_latency_system_failure.csv,False,
2014-03-11 17:31:00+00:00,45.4,realKnownCause/ec2_request_latency_system_failure.csv,False,
2014-03-11 17:36:00+00:00,45.63,realKnownCause/ec2_request_latency_system_failure.csv,False,
2014-03-11 17:41:00+00:00,48.028,realKnownCause/ec2_request_latency_system_failure.csv,False,
2014-03-11 17:46:00+00:00,47.746,realKnownCause/ec2_request_latency_system_failure.csv,False,
2014-03-11 17:51:00+00:00,46.774,realKnownCause/ec2_request_latency_system_failure.csv,False,
2014-03-11 17:56:00+00:00,49.566,realKnownCause/ec2_request_latency_system_failure.csv,False,
2014-03-11 18:01:00+00:00,48.732,realKnownCause/ec2_request_latency_system_failure.csv,False,
2014-03-11 18:06:00+00:00,47.206,realKnownCause/ec2_request_latency_system_failure.csv,False,
2014-03-11 18:11:00+00:00,48.088,realKnownCause/ec2_request_latency_system_failure.csv,False,
2014-03-11 18:16:00+00:00,44.29600000000001,realKnownCause/ec2_request_latency_system_failure.csv,False,
2014-03-11 18:21:00+00:00,47.09,realKnownCause/ec2_request_latency_system_failure.csv,False,
2014-03-11 18:26:00+00:00,44.178,realKnownCause/ec2_request_latency_system_failure.csv,False,
2014-03-11 18:31:00+00:00,44.94600000000001,realKnownCause/ec2_request_latency_system_failure.csv,False,
2014-03-11 18:36:00+00:00,45.736,realKnownCause/ec2_request_latency_system_failure.csv,False,
2014-03-11 18:41:00+00:00,42.7,realKnownCause/ec2_request_latency_system_failure.csv,False,
2014-03-11 18:46:00+00:00,44.32,realKnownCause/ec2_request_latency_system_failure.csv,False,
2014-03-11 18:51:00+00:00,43.926,realKnownCause/ec2_request_latency_system_failure.csv,False,
2014-03-11 18:56:00+00:00,46.738,realKnownCause/ec2_request_latency_system_failure.csv,False,
2014-03-11 19:01:00+00:00,47.418,realKnownCause/ec2_request_latency_system_failure.csv,False,
2014-03-11 19:06:00+00:00,41.916,realKnownCause/ec2_request_latency_system_failure.csv,False,
2014-03-11 19:11:00+00:00,45.07,realKnownCause/ec2_request_latency_system_failure.csv,False,
2014-03-11 19:16:00+00:00,45.258,realKnownCause/ec2_request_latency_system_failure.csv,False,
2014-03-11 19:21:00+00:00,44.694,realKnownCause/ec2_request_latency_system_failure.csv,False,
2014-03-11 19:26:00+00:00,44.37600000000001,realKnownCause/ec2_request_latency_system_failure.csv,False,
2014-03-11 19:31:00+00:00,46.164,realKnownCause/ec2_request_latency_system_failure.csv,False,
2014-03-11 19:36:00+00:00,44.93,realKnownCause/ec2_request_latency_system_failure.csv,False,
2014-03-11 19:41:00+00:00,45.164,realKnownCause/ec2_request_latency_system_failure.csv,False,
2014-03-11 19:46:00+00:00,46.93,realKnownCause/ec2_request_latency_system_failure.csv,False,
2014-03-11 19:51:00+00:00,42.018,realKnownCause/ec2_request_latency_system_failure.csv,False,
2014-03-11 19:56:00+00:00,49.36600000000001,realKnownCause/ec2_request_latency_system_failure.csv,False,
2014-03-11 20:01:00+00:00,43.51600000000001,realKnownCause/ec2_request_latency_system_failure.csv,False,
2014-03-11 20:06:00+00:00,44.754,realKnownCause/ec2_request_latency_system_failure.csv,False,
2014-03-11 20:11:00+00:00,47.632,realKnownCause/ec2_request_latency_system_failure.csv,False,
2014-03-11 20:16:00+00:00,47.83,realKnownCause/ec2_request_latency_system_failure.csv,False,
2014-03-11 20:21:00+00:00,44.226000000000006,realKnownCause/ec2_request_latency_system_failure.csv,False,
2014-03-11 20:26:00+00:00,45.63399999999999,realKnownCause/ec2_request_latency_system_failure.csv,False,
2014-03-11 20:31:00+00:00,42.63,realKnownCause/ec2_request_latency_system_failure.csv,False,
2014-03-11 20:36:00+00:00,44.084,realKnownCause/ec2_request_latency_system_failure.csv,False,
2014-03-11 20:41:00+00:00,44.29600000000001,realKnownCause/ec2_request_latency_system_failure.csv,False,
2014-03-11 20:46:00+00:00,44.24800000000001,realKnownCause/ec2_request_latency_system_failure.csv,False,
2014-03-11 20:51:00+00:00,44.76600000000001,realKnownCause/ec2_request_latency_system_failure.csv,False,
2014-03-11 20:56:00+00:00,47.91,realKnownCause/ec2_request_latency_system_failure.csv,False,
2014-03-11 21:01:00+00:00,44.484,realKnownCause/ec2_request_latency_system_failure.csv,False,
2014-03-11 21:06:00+00:00,43.592,realKnownCause/ec2_request_latency_system_failure.csv,False,
2014-03-11 21:11:00+00:00,46.044,realKnownCause/ec2_request_latency_system_failure.csv,False,
2014-03-11 21:16:00+00:00,44.956,realKnownCause/ec2_request_latency_system_failure.csv,False,
2014-03-11 21:21:00+00:00,46.83,realKnownCause/ec2_request_latency_system_failure.csv,False,
2014-03-11 21:26:00+00:00,45.258,realKnownCause/ec2_request_latency_system_failure.csv,False,
2014-03-11 21:31:00+00:00,44.648,realKnownCause/ec2_request_latency_system_failure.csv,False,
2014-03-11 21:36:00+00:00,45.11600000000001,realKnownCause/ec2_request_latency_system_failure.csv,False,
2014-03-11 21:41:00+00:00,47.746,realKnownCause/ec2_request_latency_system_failure.csv,False,
2014-03-11 21:46:00+00:00,44.718,realKnownCause/ec2_request_latency_system_failure.csv,False,
2014-03-11 21:51:00+00:00,44.648,realKnownCause/ec2_request_latency_system_failure.csv,False,
2014-03-11 21:56:00+00:00,48.428,realKnownCause/ec2_request_latency_system_failure.csv,False,
2014-03-11 22:01:00+00:00,47.812,realKnownCause/ec2_request_latency_system_failure.csv,False,
2014-03-11 22:06:00+00:00,46.794,realKnownCause/ec2_request_latency_system_failure.csv,False,
2014-03-11 22:11:00+00:00,47.184,realKnownCause/ec2_request_latency_system_failure.csv,False,
2014-03-11 22:16:00+00:00,44.65,realKnownCause/ec2_request_latency_system_failure.csv,False,
2014-03-11 22:21:00+00:00,44.808,realKnownCause/ec2_request_latency_system_failure.csv,False,
2014-03-11 22:26:00+00:00,47.276,realKnownCause/ec2_request_latency_system_failure.csv,False,
2014-03-11 22:31:00+00:00,42.7,realKnownCause/ec2_request_latency_system_failure.csv,False,
2014-03-11 22:36:00+00:00,44.798,realKnownCause/ec2_request_latency_system_failure.csv,False,
2014-03-11 22:41:00+00:00,46.574,realKnownCause/ec2_request_latency_system_failure.csv,False,
2014-03-11 22:46:00+00:00,43.708,realKnownCause/ec2_request_latency_system_failure.csv,False,
2014-03-11 22:51:00+00:00,50.04600000000001,realKnownCause/ec2_request_latency_system_failure.csv,False,
2014-03-11 22:56:00+00:00,43.45,realKnownCause/ec2_request_latency_system_failure.csv,False,
2014-03-11 23:01:00+00:00,45.0,realKnownCause/ec2_request_latency_system_failure.csv,False,
2014-03-11 23:06:00+00:00,46.22,realKnownCause/ec2_request_latency_system_failure.csv,False,
2014-03-11 23:11:00+00:00,46.712,realKnownCause/ec2_request_latency_system_failure.csv,False,
2014-03-11 23:16:00+00:00,47.464,realKnownCause/ec2_request_latency_system_failure.csv,False,
2014-03-11 23:21:00+00:00,46.338,realKnownCause/ec2_request_latency_system_failure.csv,False,
2014-03-11 23:26:00+00:00,42.464,realKnownCause/ec2_request_latency_system_failure.csv,False,
2014-03-11 23:31:00+00:00,45.456,realKnownCause/ec2_request_latency_system_failure.csv,False,
2014-03-11 23:36:00+00:00,48.65600000000001,realKnownCause/ec2_request_latency_system_failure.csv,False,
2014-03-11 23:41:00+00:00,47.16,realKnownCause/ec2_request_latency_system_failure.csv,False,
2014-03-11 23:46:00+00:00,45.074,realKnownCause/ec2_request_latency_system_failure.csv,False,
2014-03-11 23:51:00+00:00,45.658,realKnownCause/ec2_request_latency_system_failure.csv,False,
2014-03-11 23:56:00+00:00,47.88800000000001,realKnownCause/ec2_request_latency_system_failure.csv,False,
2014-03-12 00:01:00+00:00,47.794,realKnownCause/ec2_request_latency_system_failure.csv,False,
2014-03-12 00:06:00+00:00,43.78,realKnownCause/ec2_request_latency_system_failure.csv,False,
2014-03-12 00:11:00+00:00,49.098,realKnownCause/ec2_request_latency_system_failure.csv,False,
2014-03-12 00:16:00+00:00,45.47,realKnownCause/ec2_request_latency_system_failure.csv,False,
2014-03-12 00:21:00+00:00,44.486,realKnownCause/ec2_request_latency_system_failure.csv,False,
2014-03-12 00:26:00+00:00,46.694,realKnownCause/ec2_request_latency_system_failure.csv,False,
2014-03-12 00:31:00+00:00,44.86,realKnownCause/ec2_request_latency_system_failure.csv,False,
2014-03-12 00:36:00+00:00,44.968,realKnownCause/ec2_request_latency_system_failure.csv,False,
2014-03-12 00:41:00+00:00,43.288,realKnownCause/ec2_request_latency_system_failure.csv,False,
2014-03-12 00:46:00+00:00,44.084,realKnownCause/ec2_request_latency_system_failure.csv,False,
2014-03-12 00:51:00+00:00,44.36600000000001,realKnownCause/ec2_request_latency_system_failure.csv,False,
2014-03-12 00:56:00+00:00,46.362,realKnownCause/ec2_request_latency_system_failure.csv,False,
2014-03-12 01:01:00+00:00,48.004,realKnownCause/ec2_request_latency_system_failure.csv,False,
2014-03-12 01:06:00+00:00,42.966,realKnownCause/ec2_request_latency_system_failure.csv,False,
2014-03-12 01:11:00+00:00,49.544,realKnownCause/ec2_request_latency_system_failure.csv,False,
2014-03-12 01:16:00+00:00,44.084,realKnownCause/ec2_request_latency_system_failure.csv,False,
2014-03-12 01:21:00+00:00,44.272,realKnownCause/ec2_request_latency_system_failure.csv,False,
2014-03-12 01:26:00+00:00,47.03,realKnownCause/ec2_request_latency_system_failure.csv,False,
2014-03-12 01:31:00+00:00,44.15600000000001,realKnownCause/ec2_request_latency_system_failure.csv,False,
2014-03-12 01:36:00+00:00,46.572,realKnownCause/ec2_request_latency_system_failure.csv,False,
2014-03-12 01:41:00+00:00,46.338,realKnownCause/ec2_request_latency_system_failure.csv,False,
2014-03-12 01:46:00+00:00,45.868,realKnownCause/ec2_request_latency_system_failure.csv,False,
2014-03-12 01:51:00+00:00,43.56800000000001,realKnownCause/ec2_request_latency_system_failure.csv,False,
2014-03-12 01:56:00+00:00,47.864,realKnownCause/ec2_request_latency_system_failure.csv,False,
2014-03-12 02:01:00+00:00,42.018,realKnownCause/ec2_request_latency_system_failure.csv,False,
2014-03-12 02:06:00+00:00,44.404,realKnownCause/ec2_request_latency_system_failure.csv,False,
2014-03-12 02:11:00+00:00,45.846,realKnownCause/ec2_request_latency_system_failure.csv,False,
2014-03-12 02:16:00+00:00,43.63800000000001,realKnownCause/ec2_request_latency_system_failure.csv,False,
2014-03-12 02:21:00+00:00,43.826,realKnownCause/ec2_request_latency_system_failure.csv,False,
2014-03-12 02:26:00+00:00,44.93,realKnownCause/ec2_request_latency_system_failure.csv,False,
2014-03-12 02:31:00+00:00,44.39,realKnownCause/ec2_request_latency_system_failure.csv,False,
2014-03-12 02:36:00+00:00,41.924,realKnownCause/ec2_request_latency_system_failure.csv,False,
2014-03-12 02:41:00+00:00,44.178,realKnownCause/ec2_request_latency_system_failure.csv,False,
2014-03-12 02:46:00+00:00,43.332,realKnownCause/ec2_request_latency_system_failure.csv,False,
2014-03-12 02:51:00+00:00,45.54,realKnownCause/ec2_request_latency_system_failure.csv,False,
2014-03-12 02:56:00+00:00,44.062,realKnownCause/ec2_request_latency_system_failure.csv,False,
2014-03-12 03:01:00+00:00,45.58600000000001,realKnownCause/ec2_request_latency_system_failure.csv,False,
2014-03-12 03:06:00+00:00,43.49800000000001,realKnownCause/ec2_request_latency_system_failure.csv,False,
2014-03-12 03:11:00+00:00,43.662,realKnownCause/ec2_request_latency_system_failure.csv,False,
2014-03-12 03:16:00+00:00,44.88399999999999,realKnownCause/ec2_request_latency_system_failure.csv,False,
2014-03-12 03:21:00+00:00,46.22,realKnownCause/ec2_request_latency_system_failure.csv,False,
2014-03-12 03:26:00+00:00,43.544,realKnownCause/ec2_request_latency_system_failure.csv,False,
2014-03-12 03:31:00+00:00,43.592,realKnownCause/ec2_request_latency_system_failure.csv,False,
2014-03-12 03:36:00+00:00,46.206,realKnownCause/ec2_request_latency_system_failure.csv,False,
2014-03-12 03:41:00+00:00,47.3,realKnownCause/ec2_request_latency_system_failure.csv,False,
2014-03-12 03:46:00+00:00,39.474,realKnownCause/ec2_request_latency_system_failure.csv,False,
2014-03-12 03:51:00+00:00,44.276,realKnownCause/ec2_request_latency_system_failure.csv,False,
2014-03-12 03:56:00+00:00,45.282,realKnownCause/ec2_request_latency_system_failure.csv,False,
2014-03-12 04:01:00+00:00,43.77,realKnownCause/ec2_request_latency_system_failure.csv,False,
2014-03-12 04:06:00+00:00,45.422,realKnownCause/ec2_request_latency_system_failure.csv,False,
2014-03-12 04:11:00+00:00,43.896,realKnownCause/ec2_request_latency_system_failure.csv,False,
2014-03-12 04:16:00+00:00,45.378,realKnownCause/ec2_request_latency_system_failure.csv,False,
2014-03-12 04:21:00+00:00,42.09,realKnownCause/ec2_request_latency_system_failure.csv,False,
2014-03-12 04:26:00+00:00,44.54,realKnownCause/ec2_request_latency_system_failure.csv,False,
2014-03-12 04:31:00+00:00,42.864,realKnownCause/ec2_request_latency_system_failure.csv,False,
2014-03-12 04:36:00+00:00,45.51600000000001,realKnownCause/ec2_request_latency_system_failure.csv,False,
2014-03-12 04:41:00+00:00,42.288,realKnownCause/ec2_request_latency_system_failure.csv,False,
2014-03-12 04:46:00+00:00,44.052,realKnownCause/ec2_request_latency_system_failure.csv,False,
2014-03-12 04:51:00+00:00,45.306,realKnownCause/ec2_request_latency_system_failure.csv,False,
2014-03-12 04:56:00+00:00,44.084,realKnownCause/ec2_request_latency_system_failure.csv,False,
2014-03-12 05:01:00+00:00,46.056,realKnownCause/ec2_request_latency_system_failure.csv,False,
2014-03-12 05:06:00+00:00,40.964,realKnownCause/ec2_request_latency_system_failure.csv,False,
2014-03-12 05:11:00+00:00,46.456,realKnownCause/ec2_request_latency_system_failure.csv,False,
2014-03-12 05:16:00+00:00,44.098,realKnownCause/ec2_request_latency_system_failure.csv,False,
2014-03-12 05:21:00+00:00,43.262,realKnownCause/ec2_request_latency_system_failure.csv,False,
2014-03-12 05:26:00+00:00,45.032,realKnownCause/ec2_request_latency_system_failure.csv,False,
2014-03-12 05:31:00+00:00,43.592,realKnownCause/ec2_request_latency_system_failure.csv,False,
2014-03-12 05:36:00+00:00,42.864,realKnownCause/ec2_request_latency_system_failure.csv,False,
2014-03-12 05:41:00+00:00,45.56800000000001,realKnownCause/ec2_request_latency_system_failure.csv,False,
2014-03-12 05:46:00+00:00,43.826,realKnownCause/ec2_request_latency_system_failure.csv,False,
2014-03-12 05:51:00+00:00,46.874,realKnownCause/ec2_request_latency_system_failure.csv,False,
2014-03-12 05:56:00+00:00,42.934,realKnownCause/ec2_request_latency_system_failure.csv,False,
2014-03-12 06:01:00+00:00,45.70399999999999,realKnownCause/ec2_request_latency_system_failure.csv,False,
2014-03-12 06:06:00+00:00,43.47,realKnownCause/ec2_request_latency_system_failure.csv,False,
2014-03-12 06:11:00+00:00,44.508,realKnownCause/ec2_request_latency_system_failure.csv,False,
2014-03-12 06:16:00+00:00,43.708,realKnownCause/ec2_request_latency_system_failure.csv,False,
2014-03-12 06:21:00+00:00,43.68600000000001,realKnownCause/ec2_request_latency_system_failure.csv,False,
2014-03-12 06:26:00+00:00,44.062,realKnownCause/ec2_request_latency_system_failure.csv,False,
2014-03-12 06:31:00+00:00,44.286,realKnownCause/ec2_request_latency_system_failure.csv,False,
2014-03-12 06:36:00+00:00,48.43600000000001,realKnownCause/ec2_request_latency_system_failure.csv,False,
2014-03-12 06:41:00+00:00,39.414,realKnownCause/ec2_request_latency_system_failure.csv,False,
2014-03-12 06:46:00+00:00,45.15,realKnownCause/ec2_request_latency_system_failure.csv,False,
2014-03-12 06:51:00+00:00,42.7,realKnownCause/ec2_request_latency_system_failure.csv,False,
2014-03-12 06:56:00+00:00,45.728,realKnownCause/ec2_request_latency_system_failure.csv,False,
2014-03-12 07:01:00+00:00,43.85,realKnownCause/ec2_request_latency_system_failure.csv,False,
2014-03-12 07:06:00+00:00,44.014,realKnownCause/ec2_request_latency_system_failure.csv,False,
2014-03-12 07:11:00+00:00,47.09,realKnownCause/ec2_request_latency_system_failure.csv,False,
2014-03-12 07:16:00+00:00,42.018,realKnownCause/ec2_request_latency_system_failure.csv,False,
2014-03-12 07:21:00+00:00,43.864,realKnownCause/ec2_request_latency_system_failure.csv,False,
2014-03-12 07:26:00+00:00,45.798,realKnownCause/ec2_request_latency_system_failure.csv,False,
2014-03-12 07:31:00+00:00,41.784,realKnownCause/ec2_request_latency_system_failure.csv,False,
2014-03-12 07:36:00+00:00,44.718,realKnownCause/ec2_request_latency_system_failure.csv,False,
2014-03-12 07:41:00+00:00,47.12600000000001,realKnownCause/ec2_request_latency_system_failure.csv,False,
2014-03-12 07:46:00+00:00,42.3,realKnownCause/ec2_request_latency_system_failure.csv,False,
2014-03-12 07:51:00+00:00,43.78,realKnownCause/ec2_request_latency_system_failure.csv,False,
2014-03-12 07:56:00+00:00,45.63399999999999,realKnownCause/ec2_request_latency_system_failure.csv,False,
2014-03-12 08:01:00+00:00,44.956,realKnownCause/ec2_request_latency_system_failure.csv,False,
2014-03-12 08:06:00+00:00,45.492,realKnownCause/ec2_request_latency_system_failure.csv,False,
2014-03-12 08:11:00+00:00,44.554,realKnownCause/ec2_request_latency_system_failure.csv,False,
2014-03-12 08:16:00+00:00,42.066,realKnownCause/ec2_request_latency_system_failure.csv,False,
2014-03-12 08:21:00+00:00,43.732,realKnownCause/ec2_request_latency_system_failure.csv,False,
2014-03-12 08:26:00+00:00,43.92,realKnownCause/ec2_request_latency_system_failure.csv,False,
2014-03-12 08:31:00+00:00,44.01600000000001,realKnownCause/ec2_request_latency_system_failure.csv,False,
2014-03-12 08:36:00+00:00,46.69,realKnownCause/ec2_request_latency_system_failure.csv,False,
2014-03-12 08:41:00+00:00,40.422,realKnownCause/ec2_request_latency_system_failure.csv,False,
2014-03-12 08:46:00+00:00,43.85,realKnownCause/ec2_request_latency_system_failure.csv,False,
2014-03-12 08:51:00+00:00,46.456,realKnownCause/ec2_request_latency_system_failure.csv,False,
2014-03-12 08:56:00+00:00,42.864,realKnownCause/ec2_request_latency_system_failure.csv,False,
2014-03-12 09:01:00+00:00,43.56800000000001,realKnownCause/ec2_request_latency_system_failure.csv,False,
2014-03-12 09:06:00+00:00,44.272,realKnownCause/ec2_request_latency_system_failure.csv,False,
2014-03-12 09:11:00+00:00,49.51600000000001,realKnownCause/ec2_request_latency_system_failure.csv,False,
2014-03-12 09:16:00+00:00,42.716,realKnownCause/ec2_request_latency_system_failure.csv,False,
2014-03-12 09:21:00+00:00,45.58600000000001,realKnownCause/ec2_request_latency_system_failure.csv,False,
2014-03-12 09:26:00+00:00,46.268,realKnownCause/ec2_request_latency_system_failure.csv,False,
2014-03-12 09:31:00+00:00,44.112,realKnownCause/ec2_request_latency_system_failure.csv,False,
2014-03-12 09:36:00+00:00,46.408,realKnownCause/ec2_request_latency_system_failure.csv,False,
2014-03-12 09:41:00+00:00,50.6,realKnownCause/ec2_request_latency_system_failure.csv,False,
2014-03-12 09:46:00+00:00,41.502,realKnownCause/ec2_request_latency_system_failure.csv,False,
2014-03-12 09:51:00+00:00,42.756,realKnownCause/ec2_request_latency_system_failure.csv,False,
2014-03-12 09:56:00+00:00,45.326,realKnownCause/ec2_request_latency_system_failure.csv,False,
2014-03-12 10:01:00+00:00,44.784,realKnownCause/ec2_request_latency_system_failure.csv,False,
2014-03-12 10:06:00+00:00,44.882,realKnownCause/ec2_request_latency_system_failure.csv,False,
2014-03-12 10:11:00+00:00,47.23,realKnownCause/ec2_request_latency_system_failure.csv,False,
2014-03-12 10:16:00+00:00,46.666,realKnownCause/ec2_request_latency_system_failure.csv,False,
2014-03-12 10:21:00+00:00,46.198,realKnownCause/ec2_request_latency_system_failure.csv,False,
2014-03-12 10:26:00+00:00,44.56,realKnownCause/ec2_request_latency_system_failure.csv,False,
2014-03-12 10:31:00+00:00,42.612,realKnownCause/ec2_request_latency_system_failure.csv,False,
2014-03-12 10:36:00+00:00,45.302,realKnownCause/ec2_request_latency_system_failure.csv,False,
2014-03-12 10:41:00+00:00,45.752,realKnownCause/ec2_request_latency_system_failure.csv,False,
2014-03-12 10:46:00+00:00,43.112,realKnownCause/ec2_request_latency_system_failure.csv,False,
2014-03-12 10:51:00+00:00,45.26,realKnownCause/ec2_request_latency_system_failure.csv,False,
2014-03-12 10:56:00+00:00,48.146,realKnownCause/ec2_request_latency_system_failure.csv,False,
2014-03-12 11:01:00+00:00,43.45,realKnownCause/ec2_request_latency_system_failure.csv,False,
2014-03-12 11:06:00+00:00,43.802,realKnownCause/ec2_request_latency_system_failure.csv,False,
2014-03-12 11:11:00+00:00,48.272,realKnownCause/ec2_request_latency_system_failure.csv,False,
2014-03-12 11:16:00+00:00,41.15,realKnownCause/ec2_request_latency_system_failure.csv,False,
2014-03-12 11:21:00+00:00,43.85,realKnownCause/ec2_request_latency_system_failure.csv,False,
2014-03-12 11:26:00+00:00,43.86600000000001,realKnownCause/ec2_request_latency_system_failure.csv,False,
2014-03-12 11:31:00+00:00,45.212,realKnownCause/ec2_request_latency_system_failure.csv,False,
2014-03-12 11:36:00+00:00,45.282,realKnownCause/ec2_request_latency_system_failure.csv,False,
2014-03-12 11:41:00+00:00,43.474,realKnownCause/ec2_request_latency_system_failure.csv,False,
2014-03-12 11:46:00+00:00,43.79,realKnownCause/ec2_request_latency_system_failure.csv,False,
2014-03-12 11:51:00+00:00,43.732,realKnownCause/ec2_request_latency_system_failure.csv,False,
2014-03-12 11:56:00+00:00,46.972,realKnownCause/ec2_request_latency_system_failure.csv,False,
2014-03-12 12:01:00+00:00,44.414,realKnownCause/ec2_request_latency_system_failure.csv,False,
2014-03-12 12:06:00+00:00,43.286,realKnownCause/ec2_request_latency_system_failure.csv,False,
2014-03-12 12:11:00+00:00,44.414,realKnownCause/ec2_request_latency_system_failure.csv,False,
2014-03-12 12:16:00+00:00,43.698,realKnownCause/ec2_request_latency_system_failure.csv,False,
2014-03-12 12:21:00+00:00,44.12600000000001,realKnownCause/ec2_request_latency_system_failure.csv,False,
2014-03-12 12:26:00+00:00,43.53,realKnownCause/ec2_request_latency_system_failure.csv,False,
2014-03-12 12:31:00+00:00,45.752,realKnownCause/ec2_request_latency_system_failure.csv,False,
2014-03-12 12:36:00+00:00,40.752,realKnownCause/ec2_request_latency_system_failure.csv,False,
2014-03-12 12:41:00+00:00,44.062,realKnownCause/ec2_request_latency_system_failure.csv,False,
2014-03-12 12:46:00+00:00,46.456,realKnownCause/ec2_request_latency_system_failure.csv,False,
2014-03-12 12:51:00+00:00,41.478,realKnownCause/ec2_request_latency_system_failure.csv,False,
2014-03-12 12:56:00+00:00,47.7,realKnownCause/ec2_request_latency_system_failure.csv,False,
2014-03-12 13:01:00+00:00,42.058,realKnownCause/ec2_request_latency_system_failure.csv,False,
2014-03-12 13:06:00+00:00,43.708,realKnownCause/ec2_request_latency_system_failure.csv,False,
2014-03-12 13:11:00+00:00,45.68,realKnownCause/ec2_request_latency_system_failure.csv,False,
2014-03-12 13:16:00+00:00,44.24800000000001,realKnownCause/ec2_request_latency_system_failure.csv,False,
2014-03-12 13:21:00+00:00,45.072,realKnownCause/ec2_request_latency_system_failure.csv,False,
2014-03-12 13:26:00+00:00,44.648,realKnownCause/ec2_request_latency_system_failure.csv,False,
2014-03-12 13:31:00+00:00,42.77,realKnownCause/ec2_request_latency_system_failure.csv,False,
2014-03-12 13:36:00+00:00,44.578,realKnownCause/ec2_request_latency_system_failure.csv,False,
2014-03-12 13:41:00+00:00,45.234,realKnownCause/ec2_request_latency_system_failure.csv,False,
2014-03-12 13:46:00+00:00,44.272,realKnownCause/ec2_request_latency_system_failure.csv,False,
2014-03-12 13:51:00+00:00,43.662,realKnownCause/ec2_request_latency_system_failure.csv,False,
2014-03-12 13:56:00+00:00,47.404,realKnownCause/ec2_request_latency_system_failure.csv,False,
2014-03-12 14:01:00+00:00,43.798,realKnownCause/ec2_request_latency_system_failure.csv,False,
2014-03-12 14:06:00+00:00,42.38,realKnownCause/ec2_request_latency_system_failure.csv,False,
2014-03-12 14:11:00+00:00,45.868,realKnownCause/ec2_request_latency_system_failure.csv,False,
2014-03-12 14:16:00+00:00,46.666,realKnownCause/ec2_request_latency_system_failure.csv,False,
2014-03-12 14:21:00+00:00,41.032,realKnownCause/ec2_request_latency_system_failure.csv,False,
2014-03-12 14:26:00+00:00,43.744,realKnownCause/ec2_request_latency_system_failure.csv,False,
2014-03-12 14:31:00+00:00,46.018,realKnownCause/ec2_request_latency_system_failure.csv,False,
2014-03-12 14:36:00+00:00,43.052,realKnownCause/ec2_request_latency_system_failure.csv,False,
2014-03-12 14:41:00+00:00,42.442,realKnownCause/ec2_request_latency_system_failure.csv,False,
2014-03-12 14:46:00+00:00,44.226000000000006,realKnownCause/ec2_request_latency_system_failure.csv,False,
2014-03-12 14:51:00+00:00,44.062,realKnownCause/ec2_request_latency_system_failure.csv,False,
2014-03-12 14:56:00+00:00,45.51600000000001,realKnownCause/ec2_request_latency_system_failure.csv,False,
2014-03-12 15:01:00+00:00,45.982,realKnownCause/ec2_request_latency_system_failure.csv,False,
2014-03-12 15:06:00+00:00,44.972,realKnownCause/ec2_request_latency_system_failure.csv,False,
2014-03-12 15:11:00+00:00,42.746,realKnownCause/ec2_request_latency_system_failure.csv,False,
2014-03-12 15:16:00+00:00,45.118,realKnownCause/ec2_request_latency_system_failure.csv,False,
2014-03-12 15:21:00+00:00,42.608,realKnownCause/ec2_request_latency_system_failure.csv,False,
2014-03-12 15:26:00+00:00,43.932,realKnownCause/ec2_request_latency_system_failure.csv,False,
2014-03-12 15:31:00+00:00,45.702,realKnownCause/ec2_request_latency_system_failure.csv,False,
2014-03-12 15:36:00+00:00,43.122,realKnownCause/ec2_request_latency_system_failure.csv,False,
2014-03-12 15:41:00+00:00,45.328,realKnownCause/ec2_request_latency_system_failure.csv,False,
2014-03-12 15:46:00+00:00,43.944,realKnownCause/ec2_request_latency_system_failure.csv,False,
2014-03-12 15:51:00+00:00,43.68600000000001,realKnownCause/ec2_request_latency_system_failure.csv,False,
2014-03-12 15:56:00+00:00,45.608,realKnownCause/ec2_request_latency_system_failure.csv,False,
2014-03-12 16:01:00+00:00,45.188,realKnownCause/ec2_request_latency_system_failure.csv,False,
2014-03-12 16:06:00+00:00,44.342,realKnownCause/ec2_request_latency_system_failure.csv,False,
2014-03-12 16:11:00+00:00,43.428,realKnownCause/ec2_request_latency_system_failure.csv,False,
2014-03-12 16:16:00+00:00,44.128,realKnownCause/ec2_request_latency_system_failure.csv,False,
2014-03-12 16:21:00+00:00,44.256,realKnownCause/ec2_request_latency_system_failure.csv,False,
2014-03-12 16:26:00+00:00,44.202,realKnownCause/ec2_request_latency_system_failure.csv,False,
2014-03-12 16:31:00+00:00,44.554,realKnownCause/ec2_request_latency_system_failure.csv,False,
2014-03-12 16:36:00+00:00,45.664,realKnownCause/ec2_request_latency_system_failure.csv,False,
2014-03-12 16:41:00+00:00,43.112,realKnownCause/ec2_request_latency_system_failure.csv,False,
2014-03-12 16:46:00+00:00,43.044,realKnownCause/ec2_request_latency_system_failure.csv,False,
2014-03-12 16:51:00+00:00,47.236,realKnownCause/ec2_request_latency_system_failure.csv,False,
2014-03-12 16:56:00+00:00,44.108,realKnownCause/ec2_request_latency_system_failure.csv,False,
2014-03-12 17:01:00+00:00,44.24800000000001,realKnownCause/ec2_request_latency_system_failure.csv,False,
2014-03-12 17:06:00+00:00,45.37600000000001,realKnownCause/ec2_request_latency_system_failure.csv,False,
2014-03-12 17:11:00+00:00,43.976000000000006,realKnownCause/ec2_request_latency_system_failure.csv,False,
2014-03-12 17:16:00+00:00,46.606,realKnownCause/ec2_request_latency_system_failure.csv,False,
2014-03-12 17:21:00+00:00,43.028,realKnownCause/ec2_request_latency_system_failure.csv,False,
2014-03-12 17:26:00+00:00,43.824,realKnownCause/ec2_request_latency_system_failure.csv,False,
2014-03-12 17:31:00+00:00,45.892,realKnownCause/ec2_request_latency_system_failure.csv,False,
2014-03-12 17:36:00+00:00,43.026,realKnownCause/ec2_request_latency_system_failure.csv,False,
2014-03-12 17:41:00+00:00,45.352,realKnownCause/ec2_request_latency_system_failure.csv,False,
2014-03-12 17:46:00+00:00,44.038,realKnownCause/ec2_request_latency_system_failure.csv,False,
2014-03-12 17:51:00+00:00,43.896,realKnownCause/ec2_request_latency_system_failure.csv,False,
2014-03-12 17:56:00+00:00,46.982,realKnownCause/ec2_request_latency_system_failure.csv,False,
2014-03-12 18:01:00+00:00,44.72,realKnownCause/ec2_request_latency_system_failure.csv,False,
2014-03-12 18:06:00+00:00,42.144,realKnownCause/ec2_request_latency_system_failure.csv,False,
2014-03-12 18:11:00+00:00,45.67,realKnownCause/ec2_request_latency_system_failure.csv,False,
2014-03-12 18:16:00+00:00,43.708,realKnownCause/ec2_request_latency_system_failure.csv,False,
2014-03-12 18:21:00+00:00,44.08600000000001,realKnownCause/ec2_request_latency_system_failure.csv,False,
2014-03-12 18:26:00+00:00,43.84,realKnownCause/ec2_request_latency_system_failure.csv,False,
2014-03-12 18:31:00+00:00,47.664,realKnownCause/ec2_request_latency_system_failure.csv,False,
2014-03-12 18:36:00+00:00,43.378,realKnownCause/ec2_request_latency_system_failure.csv,False,
2014-03-12 18:41:00+00:00,39.436,realKnownCause/ec2_request_latency_system_failure.csv,False,
2014-03-12 18:46:00+00:00,44.244,realKnownCause/ec2_request_latency_system_failure.csv,False,
2014-03-12 18:51:00+00:00,43.912,realKnownCause/ec2_request_latency_system_failure.csv,False,
2014-03-12 18:56:00+00:00,46.06,realKnownCause/ec2_request_latency_system_failure.csv,False,
2014-03-12 19:01:00+00:00,46.056,realKnownCause/ec2_request_latency_system_failure.csv,False,
2014-03-12 19:06:00+00:00,42.176,realKnownCause/ec2_request_latency_system_failure.csv,False,
2014-03-12 19:11:00+00:00,46.808,realKnownCause/ec2_request_latency_system_failure.csv,False,
2014-03-12 19:16:00+00:00,42.878,realKnownCause/ec2_request_latency_system_failure.csv,False,
2014-03-12 19:21:00+00:00,44.342,realKnownCause/ec2_request_latency_system_failure.csv,False,
2014-03-12 19:26:00+00:00,43.968,realKnownCause/ec2_request_latency_system_failure.csv,False,
2014-03-12 19:31:00+00:00,46.01,realKnownCause/ec2_request_latency_system_failure.csv,False,
2014-03-12 19:36:00+00:00,43.474,realKnownCause/ec2_request_latency_system_failure.csv,False,
2014-03-12 19:41:00+00:00,45.306,realKnownCause/ec2_request_latency_system_failure.csv,False,
2014-03-12 19:46:00+00:00,45.328,realKnownCause/ec2_request_latency_system_failure.csv,False,
2014-03-12 19:51:00+00:00,42.724,realKnownCause/ec2_request_latency_system_failure.csv,False,
2014-03-12 19:56:00+00:00,45.212,realKnownCause/ec2_request_latency_system_failure.csv,False,
2014-03-12 20:01:00+00:00,45.56399999999999,realKnownCause/ec2_request_latency_system_failure.csv,False,
2014-03-12 20:06:00+00:00,42.16,realKnownCause/ec2_request_latency_system_failure.csv,False,
2014-03-12 20:11:00+00:00,46.784,realKnownCause/ec2_request_latency_system_failure.csv,False,
2014-03-12 20:16:00+00:00,46.55,realKnownCause/ec2_request_latency_system_failure.csv,False,
2014-03-12 20:21:00+00:00,43.17,realKnownCause/ec2_request_latency_system_failure.csv,False,
2014-03-12 20:26:00+00:00,48.874,realKnownCause/ec2_request_latency_system_failure.csv,False,
2014-03-12 20:31:00+00:00,41.69,realKnownCause/ec2_request_latency_system_failure.csv,False,
2014-03-12 20:36:00+00:00,44.426,realKnownCause/ec2_request_latency_system_failure.csv,False,
2014-03-12 20:41:00+00:00,44.694,realKnownCause/ec2_request_latency_system_failure.csv,False,
2014-03-12 20:46:00+00:00,46.572,realKnownCause/ec2_request_latency_system_failure.csv,False,
2014-03-12 20:51:00+00:00,44.694,realKnownCause/ec2_request_latency_system_failure.csv,False,
2014-03-12 20:56:00+00:00,46.83,realKnownCause/ec2_request_latency_system_failure.csv,False,
2014-03-12 21:01:00+00:00,45.306,realKnownCause/ec2_request_latency_system_failure.csv,False,
2014-03-12 21:06:00+00:00,45.986,realKnownCause/ec2_request_latency_system_failure.csv,False,
2014-03-12 21:11:00+00:00,42.386,realKnownCause/ec2_request_latency_system_failure.csv,False,
2014-03-12 21:16:00+00:00,45.674,realKnownCause/ec2_request_latency_system_failure.csv,False,
2014-03-12 21:21:00+00:00,44.178,realKnownCause/ec2_request_latency_system_failure.csv,False,
2014-03-12 21:26:00+00:00,44.114,realKnownCause/ec2_request_latency_system_failure.csv,False,
2014-03-12 21:31:00+00:00,46.01,realKnownCause/ec2_request_latency_system_failure.csv,False,
2014-03-12 21:36:00+00:00,43.474,realKnownCause/ec2_request_latency_system_failure.csv,False,
2014-03-12 21:41:00+00:00,46.104,realKnownCause/ec2_request_latency_system_failure.csv,False,
2014-03-12 21:46:00+00:00,45.47,realKnownCause/ec2_request_latency_system_failure.csv,False,
2014-03-12 21:51:00+00:00,42.724,realKnownCause/ec2_request_latency_system_failure.csv,False,
2014-03-12 21:56:00+00:00,46.974,realKnownCause/ec2_request_latency_system_failure.csv,False,
2014-03-12 22:01:00+00:00,48.20399999999999,realKnownCause/ec2_request_latency_system_failure.csv,False,
2014-03-12 22:06:00+00:00,42.558,realKnownCause/ec2_request_latency_system_failure.csv,False,
2014-03-12 22:11:00+00:00,45.774,realKnownCause/ec2_request_latency_system_failure.csv,False,
2014-03-12 22:16:00+00:00,45.07,realKnownCause/ec2_request_latency_system_failure.csv,False,
2014-03-12 22:21:00+00:00,45.042,realKnownCause/ec2_request_latency_system_failure.csv,False,
2014-03-12 22:26:00+00:00,41.598,realKnownCause/ec2_request_latency_system_failure.csv,False,
2014-03-12 22:31:00+00:00,46.024,realKnownCause/ec2_request_latency_system_failure.csv,False,
2014-03-12 22:36:00+00:00,42.782,realKnownCause/ec2_request_latency_system_failure.csv,False,
2014-03-12 22:41:00+00:00,44.86,realKnownCause/ec2_request_latency_system_failure.csv,False,
2014-03-12 22:46:00+00:00,45.868,realKnownCause/ec2_request_latency_system_failure.csv,False,
2014-03-12 22:51:00+00:00,41.784,realKnownCause/ec2_request_latency_system_failure.csv,False,
2014-03-12 22:56:00+00:00,45.724,realKnownCause/ec2_request_latency_system_failure.csv,False,
2014-03-12 23:01:00+00:00,46.902,realKnownCause/ec2_request_latency_system_failure.csv,False,
2014-03-12 23:06:00+00:00,40.846,realKnownCause/ec2_request_latency_system_failure.csv,False,
2014-03-12 23:11:00+00:00,45.658,realKnownCause/ec2_request_latency_system_failure.csv,False,
2014-03-12 23:16:00+00:00,44.132,realKnownCause/ec2_request_latency_system_failure.csv,False,
2014-03-12 23:21:00+00:00,43.98,realKnownCause/ec2_request_latency_system_failure.csv,False,
2014-03-12 23:26:00+00:00,43.92,realKnownCause/ec2_request_latency_system_failure.csv,False,
2014-03-12 23:31:00+00:00,43.896,realKnownCause/ec2_request_latency_system_failure.csv,False,
2014-03-12 23:36:00+00:00,48.6,realKnownCause/ec2_request_latency_system_failure.csv,False,
2014-03-12 23:41:00+00:00,41.738,realKnownCause/ec2_request_latency_system_failure.csv,False,
2014-03-12 23:46:00+00:00,44.93,realKnownCause/ec2_request_latency_system_failure.csv,False,
2014-03-12 23:51:00+00:00,42.724,realKnownCause/ec2_request_latency_system_failure.csv,False,
2014-03-12 23:56:00+00:00,45.41,realKnownCause/ec2_request_latency_system_failure.csv,False,
2014-03-13 00:01:00+00:00,43.802,realKnownCause/ec2_request_latency_system_failure.csv,False,
2014-03-13 00:06:00+00:00,44.344,realKnownCause/ec2_request_latency_system_failure.csv,False,
2014-03-13 00:11:00+00:00,47.442,realKnownCause/ec2_request_latency_system_failure.csv,False,
2014-03-13 00:16:00+00:00,40.762,realKnownCause/ec2_request_latency_system_failure.csv,False,
2014-03-13 00:21:00+00:00,44.36600000000001,realKnownCause/ec2_request_latency_system_failure.csv,False,
2014-03-13 00:26:00+00:00,48.146,realKnownCause/ec2_request_latency_system_failure.csv,False,
2014-03-13 00:31:00+00:00,40.686,realKnownCause/ec2_request_latency_system_failure.csv,False,
2014-03-13 00:36:00+00:00,43.968,realKnownCause/ec2_request_latency_system_failure.csv,False,
2014-03-13 00:41:00+00:00,43.944,realKnownCause/ec2_request_latency_system_failure.csv,False,
2014-03-13 00:46:00+00:00,45.782,realKnownCause/ec2_request_latency_system_failure.csv,False,
2014-03-13 00:51:00+00:00,41.924,realKnownCause/ec2_request_latency_system_failure.csv,False,
2014-03-13 00:56:00+00:00,45.774,realKnownCause/ec2_request_latency_system_failure.csv,False,
2014-03-13 01:01:00+00:00,44.272,realKnownCause/ec2_request_latency_system_failure.csv,False,
2014-03-13 01:06:00+00:00,45.094,realKnownCause/ec2_request_latency_system_failure.csv,False,
2014-03-13 01:11:00+00:00,46.986,realKnownCause/ec2_request_latency_system_failure.csv,False,
2014-03-13 01:16:00+00:00,43.146,realKnownCause/ec2_request_latency_system_failure.csv,False,
2014-03-13 01:21:00+00:00,42.018,realKnownCause/ec2_request_latency_system_failure.csv,False,
2014-03-13 01:26:00+00:00,43.91,realKnownCause/ec2_request_latency_system_failure.csv,False,
2014-03-13 01:31:00+00:00,43.31800000000001,realKnownCause/ec2_request_latency_system_failure.csv,False,
2014-03-13 01:36:00+00:00,44.43600000000001,realKnownCause/ec2_request_latency_system_failure.csv,False,
2014-03-13 01:41:00+00:00,45.07,realKnownCause/ec2_request_latency_system_failure.csv,False,
2014-03-13 01:46:00+00:00,47.154,realKnownCause/ec2_request_latency_system_failure.csv,False,
2014-03-13 01:51:00+00:00,40.742,realKnownCause/ec2_request_latency_system_failure.csv,False,
2014-03-13 01:56:00+00:00,46.01600000000001,realKnownCause/ec2_request_latency_system_failure.csv,False,
2014-03-13 02:01:00+00:00,46.606,realKnownCause/ec2_request_latency_system_failure.csv,False,
2014-03-13 02:06:00+00:00,41.432,realKnownCause/ec2_request_latency_system_failure.csv,False,
2014-03-13 02:11:00+00:00,45.048,realKnownCause/ec2_request_latency_system_failure.csv,False,
2014-03-13 02:16:00+00:00,45.492,realKnownCause/ec2_request_latency_system_failure.csv,False,
2014-03-13 02:21:00+00:00,41.644,realKnownCause/ec2_request_latency_system_failure.csv,False,
2014-03-13 02:26:00+00:00,44.882,realKnownCause/ec2_request_latency_system_failure.csv,False,
2014-03-13 02:31:00+00:00,42.456,realKnownCause/ec2_request_latency_system_failure.csv,False,
2014-03-13 02:36:00+00:00,43.918,realKnownCause/ec2_request_latency_system_failure.csv,False,
2014-03-13 02:41:00+00:00,43.58600000000001,realKnownCause/ec2_request_latency_system_failure.csv,False,
2014-03-13 02:46:00+00:00,45.702,realKnownCause/ec2_request_latency_system_failure.csv,False,
2014-03-13 02:51:00+00:00,44.49800000000001,realKnownCause/ec2_request_latency_system_failure.csv,False,
2014-03-13 02:56:00+00:00,42.84,realKnownCause/ec2_request_latency_system_failure.csv,False,
2014-03-13 03:01:00+00:00,43.78,realKnownCause/ec2_request_latency_system_failure.csv,False,
2014-03-13 03:06:00+00:00,47.128,realKnownCause/ec2_request_latency_system_failure.csv,False,
2014-03-13 03:11:00+00:00,43.94,realKnownCause/ec2_request_latency_system_failure.csv,False,
2014-03-13 03:16:00+00:00,45.556,realKnownCause/ec2_request_latency_system_failure.csv,False,
2014-03-13 03:21:00+00:00,41.854,realKnownCause/ec2_request_latency_system_failure.csv,False,
2014-03-13 03:26:00+00:00,43.944,realKnownCause/ec2_request_latency_system_failure.csv,False,
2014-03-13 03:31:00+00:00,43.708,realKnownCause/ec2_request_latency_system_failure.csv,False,
2014-03-13 03:36:00+00:00,45.846,realKnownCause/ec2_request_latency_system_failure.csv,False,
2014-03-13 03:41:00+00:00,46.572,realKnownCause/ec2_request_latency_system_failure.csv,False,
2014-03-13 03:46:00+00:00,44.68600000000001,realKnownCause/ec2_request_latency_system_failure.csv,False,
2014-03-13 03:51:00+00:00,41.878,realKnownCause/ec2_request_latency_system_failure.csv,False,
2014-03-13 03:56:00+00:00,45.658,realKnownCause/ec2_request_latency_system_failure.csv,False,
2014-03-13 04:01:00+00:00,43.878,realKnownCause/ec2_request_latency_system_failure.csv,False,
2014-03-13 04:06:00+00:00,43.85,realKnownCause/ec2_request_latency_system_failure.csv,False,
2014-03-13 04:11:00+00:00,45.256,realKnownCause/ec2_request_latency_system_failure.csv,False,
2014-03-13 04:16:00+00:00,45.822,realKnownCause/ec2_request_latency_system_failure.csv,False,
2014-03-13 04:21:00+00:00,43.404,realKnownCause/ec2_request_latency_system_failure.csv,False,
2014-03-13 04:26:00+00:00,45.352,realKnownCause/ec2_request_latency_system_failure.csv,False,
2014-03-13 04:31:00+00:00,41.06,realKnownCause/ec2_request_latency_system_failure.csv,False,
2014-03-13 04:36:00+00:00,43.944,realKnownCause/ec2_request_latency_system_failure.csv,False,
2014-03-13 04:41:00+00:00,43.874,realKnownCause/ec2_request_latency_system_failure.csv,False,
2014-03-13 04:46:00+00:00,45.728,realKnownCause/ec2_request_latency_system_failure.csv,False,
2014-03-13 04:51:00+00:00,41.95,realKnownCause/ec2_request_latency_system_failure.csv,False,
2014-03-13 04:56:00+00:00,45.22,realKnownCause/ec2_request_latency_system_failure.csv,False,
2014-03-13 05:01:00+00:00,45.496,realKnownCause/ec2_request_latency_system_failure.csv,False,
2014-03-13 05:06:00+00:00,42.89,realKnownCause/ec2_request_latency_system_failure.csv,False,
2014-03-13 05:11:00+00:00,45.306,realKnownCause/ec2_request_latency_system_failure.csv,False,
2014-03-13 05:16:00+00:00,45.0,realKnownCause/ec2_request_latency_system_failure.csv,False,
2014-03-13 05:21:00+00:00,44.648,realKnownCause/ec2_request_latency_system_failure.csv,False,
2014-03-13 05:26:00+00:00,42.37600000000001,realKnownCause/ec2_request_latency_system_failure.csv,False,
2014-03-13 05:31:00+00:00,43.92,realKnownCause/ec2_request_latency_system_failure.csv,False,
2014-03-13 05:36:00+00:00,44.474,realKnownCause/ec2_request_latency_system_failure.csv,False,
2014-03-13 05:41:00+00:00,46.738,realKnownCause/ec2_request_latency_system_failure.csv,False,
2014-03-13 05:46:00+00:00,42.69,realKnownCause/ec2_request_latency_system_failure.csv,False,
2014-03-13 05:51:00+00:00,45.152,realKnownCause/ec2_request_latency_system_failure.csv,False,
2014-03-13 05:56:00+00:00,44.084,realKnownCause/ec2_request_latency_system_failure.csv,False,
2014-03-13 06:01:00+00:00,44.154,realKnownCause/ec2_request_latency_system_failure.csv,False,
2014-03-13 06:06:00+00:00,46.924,realKnownCause/ec2_request_latency_system_failure.csv,False,
2014-03-13 06:11:00+00:00,42.792,realKnownCause/ec2_request_latency_system_failure.csv,False,
2014-03-13 06:16:00+00:00,45.13399999999999,realKnownCause/ec2_request_latency_system_failure.csv,False,
2014-03-13 06:21:00+00:00,42.382,realKnownCause/ec2_request_latency_system_failure.csv,False,
2014-03-13 06:26:00+00:00,45.68,realKnownCause/ec2_request_latency_system_failure.csv,False,
2014-03-13 06:31:00+00:00,41.948,realKnownCause/ec2_request_latency_system_failure.csv,False,
2014-03-13 06:36:00+00:00,44.178,realKnownCause/ec2_request_latency_system_failure.csv,False,
2014-03-13 06:41:00+00:00,43.526,realKnownCause/ec2_request_latency_system_failure.csv,False,
2014-03-13 06:46:00+00:00,43.944,realKnownCause/ec2_request_latency_system_failure.csv,False,
2014-03-13 06:51:00+00:00,47.344,realKnownCause/ec2_request_latency_system_failure.csv,False,
2014-03-13 06:56:00+00:00,43.594,realKnownCause/ec2_request_latency_system_failure.csv,False,
2014-03-13 07:01:00+00:00,42.418,realKnownCause/ec2_request_latency_system_failure.csv,False,
2014-03-13 07:06:00+00:00,44.084,realKnownCause/ec2_request_latency_system_failure.csv,False,
2014-03-13 07:11:00+00:00,45.658,realKnownCause/ec2_request_latency_system_failure.csv,False,
2014-03-13 07:16:00+00:00,44.096,realKnownCause/ec2_request_latency_system_failure.csv,False,
2014-03-13 07:21:00+00:00,44.128,realKnownCause/ec2_request_latency_system_failure.csv,False,
2014-03-13 07:26:00+00:00,43.592,realKnownCause/ec2_request_latency_system_failure.csv,False,
2014-03-13 07:31:00+00:00,44.88800000000001,realKnownCause/ec2_request_latency_system_failure.csv,False,
2014-03-13 07:36:00+00:00,45.37600000000001,realKnownCause/ec2_request_latency_system_failure.csv,False,
2014-03-13 07:41:00+00:00,44.24800000000001,realKnownCause/ec2_request_latency_system_failure.csv,False,
2014-03-13 07:46:00+00:00,41.502,realKnownCause/ec2_request_latency_system_failure.csv,False,
2014-03-13 07:51:00+00:00,43.598,realKnownCause/ec2_request_latency_system_failure.csv,False,
2014-03-13 07:56:00+00:00,45.416,realKnownCause/ec2_request_latency_system_failure.csv,False,
2014-03-13 08:01:00+00:00,44.32,realKnownCause/ec2_request_latency_system_failure.csv,False,
2014-03-13 08:06:00+00:00,43.944,realKnownCause/ec2_request_latency_system_failure.csv,False,
2014-03-13 08:11:00+00:00,48.428,realKnownCause/ec2_request_latency_system_failure.csv,False,
2014-03-13 08:16:00+00:00,40.492,realKnownCause/ec2_request_latency_system_failure.csv,False,
2014-03-13 08:21:00+00:00,43.874,realKnownCause/ec2_request_latency_system_failure.csv,False,
2014-03-13 08:26:00+00:00,43.85,realKnownCause/ec2_request_latency_system_failure.csv,False,
2014-03-13 08:31:00+00:00,46.22,realKnownCause/ec2_request_latency_system_failure.csv,False,
2014-03-13 08:36:00+00:00,41.55,realKnownCause/ec2_request_latency_system_failure.csv,False,
2014-03-13 08:41:00+00:00,45.306,realKnownCause/ec2_request_latency_system_failure.csv,False,
2014-03-13 08:46:00+00:00,42.206,realKnownCause/ec2_request_latency_system_failure.csv,False,
2014-03-13 08:51:00+00:00,44.83600000000001,realKnownCause/ec2_request_latency_system_failure.csv,False,
2014-03-13 08:56:00+00:00,44.31,realKnownCause/ec2_request_latency_system_failure.csv,False,
2014-03-13 09:01:00+00:00,44.23,realKnownCause/ec2_request_latency_system_failure.csv,False,
2014-03-13 09:06:00+00:00,44.108,realKnownCause/ec2_request_latency_system_failure.csv,False,
2014-03-13 09:11:00+00:00,45.938,realKnownCause/ec2_request_latency_system_failure.csv,False,
2014-03-13 09:16:00+00:00,45.024,realKnownCause/ec2_request_latency_system_failure.csv,False,
2014-03-13 09:21:00+00:00,40.932,realKnownCause/ec2_request_latency_system_failure.csv,False,
2014-03-13 09:26:00+00:00,43.756,realKnownCause/ec2_request_latency_system_failure.csv,False,
2014-03-13 09:31:00+00:00,44.95399999999999,realKnownCause/ec2_request_latency_system_failure.csv,False,
2014-03-13 09:36:00+00:00,43.642,realKnownCause/ec2_request_latency_system_failure.csv,False,
2014-03-13 09:41:00+00:00,47.276,realKnownCause/ec2_request_latency_system_failure.csv,False,
2014-03-13 09:46:00+00:00,42.17,realKnownCause/ec2_request_latency_system_failure.csv,False,
2014-03-13 09:51:00+00:00,44.08600000000001,realKnownCause/ec2_request_latency_system_failure.csv,False,
2014-03-13 09:56:00+00:00,45.212,realKnownCause/ec2_request_latency_system_failure.csv,False,
2014-03-13 10:01:00+00:00,46.478,realKnownCause/ec2_request_latency_system_failure.csv,False,
2014-03-13 10:06:00+00:00,41.244,realKnownCause/ec2_request_latency_system_failure.csv,False,
2014-03-13 10:11:00+00:00,47.09,realKnownCause/ec2_request_latency_system_failure.csv,False,
2014-03-13 10:16:00+00:00,43.028,realKnownCause/ec2_request_latency_system_failure.csv,False,
2014-03-13 10:21:00+00:00,42.558,realKnownCause/ec2_request_latency_system_failure.csv,False,
2014-03-13 10:26:00+00:00,43.92,realKnownCause/ec2_request_latency_system_failure.csv,False,
2014-03-13 10:31:00+00:00,43.716,realKnownCause/ec2_request_latency_system_failure.csv,False,
2014-03-13 10:36:00+00:00,43.61600000000001,realKnownCause/ec2_request_latency_system_failure.csv,False,
2014-03-13 10:41:00+00:00,45.798,realKnownCause/ec2_request_latency_system_failure.csv,False,
2014-03-13 10:46:00+00:00,44.64,realKnownCause/ec2_request_latency_system_failure.csv,False,
2014-03-13 10:51:00+00:00,42.348,realKnownCause/ec2_request_latency_system_failure.csv,False,
2014-03-13 10:56:00+00:00,43.964,realKnownCause/ec2_request_latency_system_failure.csv,False,
2014-03-13 11:01:00+00:00,44.71,realKnownCause/ec2_request_latency_system_failure.csv,False,
2014-03-13 11:06:00+00:00,43.826,realKnownCause/ec2_request_latency_system_failure.csv,False,
2014-03-13 11:11:00+00:00,47.09,realKnownCause/ec2_request_latency_system_failure.csv,False,
2014-03-13 11:16:00+00:00,42.23,realKnownCause/ec2_request_latency_system_failure.csv,False,
2014-03-13 11:21:00+00:00,44.202,realKnownCause/ec2_request_latency_system_failure.csv,False,
2014-03-13 11:26:00+00:00,43.68600000000001,realKnownCause/ec2_request_latency_system_failure.csv,False,
2014-03-13 11:31:00+00:00,47.62,realKnownCause/ec2_request_latency_system_failure.csv,False,
2014-03-13 11:36:00+00:00,40.564,realKnownCause/ec2_request_latency_system_failure.csv,False,
2014-03-13 11:41:00+00:00,45.598,realKnownCause/ec2_request_latency_system_failure.csv,False,
2014-03-13 11:46:00+00:00,44.054,realKnownCause/ec2_request_latency_system_failure.csv,False,
2014-03-13 11:51:00+00:00,45.54,realKnownCause/ec2_request_latency_system_failure.csv,False,
2014-03-13 11:56:00+00:00,43.826,realKnownCause/ec2_request_latency_system_failure.csv,False,
2014-03-13 12:01:00+00:00,43.756,realKnownCause/ec2_request_latency_system_failure.csv,False,
2014-03-13 12:06:00+00:00,45.142,realKnownCause/ec2_request_latency_system_failure.csv,False,
2014-03-13 12:11:00+00:00,44.226000000000006,realKnownCause/ec2_request_latency_system_failure.csv,False,
2014-03-13 12:16:00+00:00,46.49800000000001,realKnownCause/ec2_request_latency_system_failure.csv,False,
2014-03-13 12:21:00+00:00,42.958,realKnownCause/ec2_request_latency_system_failure.csv,False,
2014-03-13 12:26:00+00:00,41.972,realKnownCause/ec2_request_latency_system_failure.csv,False,
2014-03-13 12:31:00+00:00,43.802,realKnownCause/ec2_request_latency_system_failure.csv,False,
2014-03-13 12:36:00+00:00,43.85,realKnownCause/ec2_request_latency_system_failure.csv,False,
2014-03-13 12:41:00+00:00,43.85,realKnownCause/ec2_request_latency_system_failure.csv,False,
2014-03-13 12:46:00+00:00,45.024,realKnownCause/ec2_request_latency_system_failure.csv,False,
2014-03-13 12:51:00+00:00,44.36,realKnownCause/ec2_request_latency_system_failure.csv,False,
2014-03-13 12:56:00+00:00,44.37600000000001,realKnownCause/ec2_request_latency_system_failure.csv,False,
2014-03-13 13:01:00+00:00,43.99,realKnownCause/ec2_request_latency_system_failure.csv,False,
2014-03-13 13:06:00+00:00,45.51600000000001,realKnownCause/ec2_request_latency_system_failure.csv,False,
2014-03-13 13:11:00+00:00,43.61600000000001,realKnownCause/ec2_request_latency_system_failure.csv,False,
2014-03-13 13:16:00+00:00,44.36600000000001,realKnownCause/ec2_request_latency_system_failure.csv,False,
2014-03-13 13:21:00+00:00,45.61600000000001,realKnownCause/ec2_request_latency_system_failure.csv,False,
2014-03-13 13:26:00+00:00,43.43600000000001,realKnownCause/ec2_request_latency_system_failure.csv,False,
2014-03-13 13:31:00+00:00,42.442,realKnownCause/ec2_request_latency_system_failure.csv,False,
2014-03-13 13:36:00+00:00,44.9,realKnownCause/ec2_request_latency_system_failure.csv,False,
2014-03-13 13:41:00+00:00,45.58600000000001,realKnownCause/ec2_request_latency_system_failure.csv,False,
2014-03-13 13:46:00+00:00,44.062,realKnownCause/ec2_request_latency_system_failure.csv,False,
2014-03-13 13:51:00+00:00,45.68,realKnownCause/ec2_request_latency_system_failure.csv,False,
2014-03-13 13:56:00+00:00,43.624,realKnownCause/ec2_request_latency_system_failure.csv,False,
2014-03-13 14:01:00+00:00,44.4,realKnownCause/ec2_request_latency_system_failure.csv,False,
2014-03-13 14:06:00+00:00,42.724,realKnownCause/ec2_request_latency_system_failure.csv,False,
2014-03-13 14:11:00+00:00,45.61,realKnownCause/ec2_request_latency_system_failure.csv,False,
2014-03-13 14:16:00+00:00,45.47,realKnownCause/ec2_request_latency_system_failure.csv,False,
2014-03-13 14:21:00+00:00,41.76,realKnownCause/ec2_request_latency_system_failure.csv,False,
2014-03-13 14:26:00+00:00,44.36600000000001,realKnownCause/ec2_request_latency_system_failure.csv,False,
2014-03-13 14:31:00+00:00,43.944,realKnownCause/ec2_request_latency_system_failure.csv,False,
2014-03-13 14:36:00+00:00,44.882,realKnownCause/ec2_request_latency_system_failure.csv,False,
2014-03-13 14:41:00+00:00,42.7,realKnownCause/ec2_request_latency_system_failure.csv,False,
2014-03-13 14:46:00+00:00,48.438,realKnownCause/ec2_request_latency_system_failure.csv,False,
2014-03-13 14:51:00+00:00,39.612,realKnownCause/ec2_request_latency_system_failure.csv,False,
2014-03-13 14:56:00+00:00,45.752,realKnownCause/ec2_request_latency_system_failure.csv,False,
2014-03-13 15:01:00+00:00,44.108,realKnownCause/ec2_request_latency_system_failure.csv,False,
2014-03-13 15:06:00+00:00,44.146,realKnownCause/ec2_request_latency_system_failure.csv,False,
2014-03-13 15:11:00+00:00,46.96,realKnownCause/ec2_request_latency_system_failure.csv,False,
2014-03-13 15:16:00+00:00,44.342,realKnownCause/ec2_request_latency_system_failure.csv,False,
2014-03-13 15:21:00+00:00,41.972,realKnownCause/ec2_request_latency_system_failure.csv,False,
2014-03-13 15:26:00+00:00,44.014,realKnownCause/ec2_request_latency_system_failure.csv,False,
2014-03-13 15:31:00+00:00,43.708,realKnownCause/ec2_request_latency_system_failure.csv,False,
2014-03-13 15:36:00+00:00,44.724,realKnownCause/ec2_request_latency_system_failure.csv,False,
2014-03-13 15:41:00+00:00,44.624,realKnownCause/ec2_request_latency_system_failure.csv,False,
2014-03-13 15:46:00+00:00,45.846,realKnownCause/ec2_request_latency_system_failure.csv,False,
2014-03-13 15:51:00+00:00,43.348,realKnownCause/ec2_request_latency_system_failure.csv,False,
2014-03-13 15:56:00+00:00,45.14,realKnownCause/ec2_request_latency_system_failure.csv,False,
2014-03-13 16:01:00+00:00,45.118,realKnownCause/ec2_request_latency_system_failure.csv,False,
2014-03-13 16:06:00+00:00,45.164,realKnownCause/ec2_request_latency_system_failure.csv,False,
2014-03-13 16:11:00+00:00,48.662,realKnownCause/ec2_request_latency_system_failure.csv,False,
2014-03-13 16:16:00+00:00,43.356,realKnownCause/ec2_request_latency_system_failure.csv,False,
2014-03-13 16:21:00+00:00,47.112,realKnownCause/ec2_request_latency_system_failure.csv,False,
2014-03-13 16:26:00+00:00,44.342,realKnownCause/ec2_request_latency_system_failure.csv,False,
2014-03-13 16:31:00+00:00,43.522,realKnownCause/ec2_request_latency_system_failure.csv,False,
2014-03-13 16:36:00+00:00,44.43,realKnownCause/ec2_request_latency_system_failure.csv,False,
2014-03-13 16:41:00+00:00,46.878,realKnownCause/ec2_request_latency_system_failure.csv,False,
2014-03-13 16:46:00+00:00,43.122,realKnownCause/ec2_request_latency_system_failure.csv,False,
2014-03-13 16:51:00+00:00,44.53,realKnownCause/ec2_request_latency_system_failure.csv,False,
2014-03-13 16:56:00+00:00,45.56399999999999,realKnownCause/ec2_request_latency_system_failure.csv,False,
2014-03-13 17:01:00+00:00,45.258,realKnownCause/ec2_request_latency_system_failure.csv,False,
2014-03-13 17:06:00+00:00,45.258,realKnownCause/ec2_request_latency_system_failure.csv,False,
2014-03-13 17:11:00+00:00,45.06800000000001,realKnownCause/ec2_request_latency_system_failure.csv,False,
2014-03-13 17:16:00+00:00,43.874,realKnownCause/ec2_request_latency_system_failure.csv,False,
2014-03-13 17:21:00+00:00,45.798,realKnownCause/ec2_request_latency_system_failure.csv,False,
2014-03-13 17:26:00+00:00,45.70399999999999,realKnownCause/ec2_request_latency_system_failure.csv,False,
2014-03-13 17:31:00+00:00,45.502,realKnownCause/ec2_request_latency_system_failure.csv,False,
2014-03-13 17:36:00+00:00,49.624,realKnownCause/ec2_request_latency_system_failure.csv,False,
2014-03-13 17:41:00+00:00,43.428,realKnownCause/ec2_request_latency_system_failure.csv,False,
2014-03-13 17:46:00+00:00,45.742,realKnownCause/ec2_request_latency_system_failure.csv,False,
2014-03-13 17:51:00+00:00,48.052,realKnownCause/ec2_request_latency_system_failure.csv,False,
2014-03-13 17:56:00+00:00,44.506,realKnownCause/ec2_request_latency_system_failure.csv,False,
2014-03-13 18:01:00+00:00,45.61,realKnownCause/ec2_request_latency_system_failure.csv,False,
2014-03-13 18:06:00+00:00,46.066,realKnownCause/ec2_request_latency_system_failure.csv,False,
2014-03-13 18:11:00+00:00,50.37600000000001,realKnownCause/ec2_request_latency_system_failure.csv,False,
2014-03-13 18:16:00+00:00,42.452,realKnownCause/ec2_request_latency_system_failure.csv,False,
2014-03-13 18:21:00+00:00,46.858,realKnownCause/ec2_request_latency_system_failure.csv,False,
2014-03-13 18:26:00+00:00,45.422,realKnownCause/ec2_request_latency_system_failure.csv,False,
2014-03-13 18:31:00+00:00,45.44600000000001,realKnownCause/ec2_request_latency_system_failure.csv,False,
2014-03-13 18:36:00+00:00,48.31,realKnownCause/ec2_request_latency_system_failure.csv,False,
2014-03-13 18:41:00+00:00,45.03,realKnownCause/ec2_request_latency_system_failure.csv,False,
2014-03-13 18:46:00+00:00,46.092,realKnownCause/ec2_request_latency_system_failure.csv,False,
2014-03-13 18:51:00+00:00,44.976000000000006,realKnownCause/ec2_request_latency_system_failure.csv,False,
2014-03-13 18:56:00+00:00,47.64,realKnownCause/ec2_request_latency_system_failure.csv,False,
2014-03-13 19:01:00+00:00,46.282,realKnownCause/ec2_request_latency_system_failure.csv,False,
2014-03-13 19:06:00+00:00,46.04,realKnownCause/ec2_request_latency_system_failure.csv,False,
2014-03-13 19:11:00+00:00,49.518,realKnownCause/ec2_request_latency_system_failure.csv,False,
2014-03-13 19:16:00+00:00,44.04600000000001,realKnownCause/ec2_request_latency_system_failure.csv,False,
2014-03-13 19:21:00+00:00,48.416,realKnownCause/ec2_request_latency_system_failure.csv,False,
2014-03-13 19:26:00+00:00,43.216,realKnownCause/ec2_request_latency_system_failure.csv,False,
2014-03-13 19:31:00+00:00,45.798,realKnownCause/ec2_request_latency_system_failure.csv,False,
2014-03-13 19:36:00+00:00,46.45,realKnownCause/ec2_request_latency_system_failure.csv,False,
2014-03-13 19:41:00+00:00,48.944,realKnownCause/ec2_request_latency_system_failure.csv,False,
2014-03-13 19:46:00+00:00,43.99,realKnownCause/ec2_request_latency_system_failure.csv,False,
2014-03-13 19:51:00+00:00,45.846,realKnownCause/ec2_request_latency_system_failure.csv,False,
2014-03-13 19:56:00+00:00,47.69,realKnownCause/ec2_request_latency_system_failure.csv,False,
2014-03-13 20:01:00+00:00,46.978,realKnownCause/ec2_request_latency_system_failure.csv,False,
2014-03-13 20:06:00+00:00,47.184,realKnownCause/ec2_request_latency_system_failure.csv,False,
2014-03-13 20:11:00+00:00,44.672,realKnownCause/ec2_request_latency_system_failure.csv,False,
2014-03-13 20:16:00+00:00,45.868,realKnownCause/ec2_request_latency_system_failure.csv,False,
2014-03-13 20:21:00+00:00,45.26,realKnownCause/ec2_request_latency_system_failure.csv,False,
2014-03-13 20:26:00+00:00,45.728,realKnownCause/ec2_request_latency_system_failure.csv,False,
2014-03-13 20:31:00+00:00,47.16,realKnownCause/ec2_request_latency_system_failure.csv,False,
2014-03-13 20:36:00+00:00,44.93,realKnownCause/ec2_request_latency_system_failure.csv,False,
2014-03-13 20:41:00+00:00,44.976000000000006,realKnownCause/ec2_request_latency_system_failure.csv,False,
2014-03-13 20:46:00+00:00,45.604,realKnownCause/ec2_request_latency_system_failure.csv,False,
2014-03-13 20:51:00+00:00,48.004,realKnownCause/ec2_request_latency_system_failure.csv,False,
2014-03-13 20:56:00+00:00,44.062,realKnownCause/ec2_request_latency_system_failure.csv,False,
2014-03-13 21:01:00+00:00,46.548,realKnownCause/ec2_request_latency_system_failure.csv,False,
2014-03-13 21:06:00+00:00,43.968,realKnownCause/ec2_request_latency_system_failure.csv,False,
2014-03-13 21:11:00+00:00,48.732,realKnownCause/ec2_request_latency_system_failure.csv,False,
2014-03-13 21:16:00+00:00,47.794,realKnownCause/ec2_request_latency_system_failure.csv,False,
2014-03-13 21:21:00+00:00,43.944,realKnownCause/ec2_request_latency_system_failure.csv,False,
2014-03-13 21:26:00+00:00,46.182,realKnownCause/ec2_request_latency_system_failure.csv,False,
2014-03-13 21:31:00+00:00,47.648,realKnownCause/ec2_request_latency_system_failure.csv,False,
2014-03-13 21:36:00+00:00,44.824,realKnownCause/ec2_request_latency_system_failure.csv,False,
2014-03-13 21:41:00+00:00,47.512,realKnownCause/ec2_request_latency_system_failure.csv,False,
2014-03-13 21:46:00+00:00,45.666,realKnownCause/ec2_request_latency_system_failure.csv,False,
2014-03-13 21:51:00+00:00,47.33600000000001,realKnownCause/ec2_request_latency_system_failure.csv,False,
2014-03-13 21:56:00+00:00,46.482,realKnownCause/ec2_request_latency_system_failure.csv,False,
2014-03-13 22:01:00+00:00,49.254,realKnownCause/ec2_request_latency_system_failure.csv,False,
2014-03-13 22:06:00+00:00,44.21,realKnownCause/ec2_request_latency_system_failure.csv,False,
2014-03-13 22:11:00+00:00,47.898,realKnownCause/ec2_request_latency_system_failure.csv,False,
2014-03-13 22:16:00+00:00,46.33,realKnownCause/ec2_request_latency_system_failure.csv,False,
2014-03-13 22:21:00+00:00,47.7,realKnownCause/ec2_request_latency_system_failure.csv,False,
2014-03-13 22:26:00+00:00,44.742,realKnownCause/ec2_request_latency_system_failure.csv,False,
2014-03-13 22:31:00+00:00,48.592,realKnownCause/ec2_request_latency_system_failure.csv,False,
2014-03-13 22:36:00+00:00,44.6,realKnownCause/ec2_request_latency_system_failure.csv,False,
2014-03-13 22:41:00+00:00,44.062,realKnownCause/ec2_request_latency_system_failure.csv,False,
2014-03-13 22:46:00+00:00,46.408,realKnownCause/ec2_request_latency_system_failure.csv,False,
2014-03-13 22:51:00+00:00,45.63399999999999,realKnownCause/ec2_request_latency_system_failure.csv,False,
2014-03-13 22:56:00+00:00,49.43600000000001,realKnownCause/ec2_request_latency_system_failure.csv,False,
2014-03-13 23:01:00+00:00,44.6,realKnownCause/ec2_request_latency_system_failure.csv,False,
2014-03-13 23:06:00+00:00,48.052,realKnownCause/ec2_request_latency_system_failure.csv,False,
2014-03-13 23:11:00+00:00,45.728,realKnownCause/ec2_request_latency_system_failure.csv,False,
2014-03-13 23:16:00+00:00,47.324,realKnownCause/ec2_request_latency_system_failure.csv,False,
2014-03-13 23:21:00+00:00,44.95399999999999,realKnownCause/ec2_request_latency_system_failure.csv,False,
2014-03-13 23:26:00+00:00,45.70399999999999,realKnownCause/ec2_request_latency_system_failure.csv,False,
2014-03-13 23:31:00+00:00,47.91,realKnownCause/ec2_request_latency_system_failure.csv,False,
2014-03-13 23:36:00+00:00,42.27,realKnownCause/ec2_request_latency_system_failure.csv,False,
2014-03-13 23:41:00+00:00,45.67,realKnownCause/ec2_request_latency_system_failure.csv,False,
2014-03-13 23:46:00+00:00,44.226000000000006,realKnownCause/ec2_request_latency_system_failure.csv,False,
2014-03-13 23:51:00+00:00,44.93,realKnownCause/ec2_request_latency_system_failure.csv,False,
2014-03-13 23:56:00+00:00,46.362,realKnownCause/ec2_request_latency_system_failure.csv,False,
2014-03-14 00:01:00+00:00,45.962,realKnownCause/ec2_request_latency_system_failure.csv,False,
2014-03-14 00:06:00+00:00,44.984,realKnownCause/ec2_request_latency_system_failure.csv,False,
2014-03-14 00:11:00+00:00,44.554,realKnownCause/ec2_request_latency_system_failure.csv,False,
2014-03-14 00:16:00+00:00,44.928,realKnownCause/ec2_request_latency_system_failure.csv,False,
2014-03-14 00:21:00+00:00,44.624,realKnownCause/ec2_request_latency_system_failure.csv,False,
2014-03-14 00:26:00+00:00,43.708,realKnownCause/ec2_request_latency_system_failure.csv,False,
2014-03-14 00:31:00+00:00,46.268,realKnownCause/ec2_request_latency_system_failure.csv,False,
2014-03-14 00:36:00+00:00,42.348,realKnownCause/ec2_request_latency_system_failure.csv,False,
2014-03-14 00:41:00+00:00,43.806,realKnownCause/ec2_request_latency_system_failure.csv,False,
2014-03-14 00:46:00+00:00,43.896,realKnownCause/ec2_request_latency_system_failure.csv,False,
2014-03-14 00:51:00+00:00,48.802,realKnownCause/ec2_request_latency_system_failure.csv,False,
2014-03-14 00:56:00+00:00,42.394,realKnownCause/ec2_request_latency_system_failure.csv,False,
2014-03-14 01:01:00+00:00,44.178,realKnownCause/ec2_request_latency_system_failure.csv,False,
2014-03-14 01:06:00+00:00,45.75,realKnownCause/ec2_request_latency_system_failure.csv,False,
2014-03-14 01:11:00+00:00,43.68600000000001,realKnownCause/ec2_request_latency_system_failure.csv,False,
2014-03-14 01:16:00+00:00,44.93,realKnownCause/ec2_request_latency_system_failure.csv,False,
2014-03-14 01:21:00+00:00,44.178,realKnownCause/ec2_request_latency_system_failure.csv,False,
2014-03-14 01:26:00+00:00,45.306,realKnownCause/ec2_request_latency_system_failure.csv,False,
2014-03-14 01:31:00+00:00,42.17,realKnownCause/ec2_request_latency_system_failure.csv,False,
2014-03-14 01:36:00+00:00,48.562,realKnownCause/ec2_request_latency_system_failure.csv,False,
2014-03-14 01:41:00+00:00,40.774,realKnownCause/ec2_request_latency_system_failure.csv,False,
2014-03-14 01:46:00+00:00,44.29600000000001,realKnownCause/ec2_request_latency_system_failure.csv,False,
2014-03-14 01:51:00+00:00,43.874,realKnownCause/ec2_request_latency_system_failure.csv,False,
2014-03-14 01:56:00+00:00,45.854,realKnownCause/ec2_request_latency_system_failure.csv,False,
2014-03-14 02:01:00+00:00,45.44600000000001,realKnownCause/ec2_request_latency_system_failure.csv,False,
2014-03-14 02:06:00+00:00,43.192,realKnownCause/ec2_request_latency_system_failure.csv,False,
2014-03-14 02:11:00+00:00,47.114,realKnownCause/ec2_request_latency_system_failure.csv,False,
2014-03-14 02:16:00+00:00,42.184,realKnownCause/ec2_request_latency_system_failure.csv,False,
2014-03-14 02:21:00+00:00,46.572,realKnownCause/ec2_request_latency_system_failure.csv,False,
2014-03-14 02:26:00+00:00,41.408,realKnownCause/ec2_request_latency_system_failure.csv,False,
2014-03-14 02:31:00+00:00,44.342,realKnownCause/ec2_request_latency_system_failure.csv,False,
2014-03-14 02:36:00+00:00,45.68,realKnownCause/ec2_request_latency_system_failure.csv,False,
2014-03-14 02:41:00+00:00,44.508,realKnownCause/ec2_request_latency_system_failure.csv,False,
2014-03-14 02:46:00+00:00,42.136,realKnownCause/ec2_request_latency_system_failure.csv,False,
2014-03-14 02:51:00+00:00,44.202,realKnownCause/ec2_request_latency_system_failure.csv,False,
2014-03-14 02:56:00+00:00,46.08,realKnownCause/ec2_request_latency_system_failure.csv,False,
2014-03-14 03:01:00+00:00,45.0,realKnownCause/ec2_request_latency_system_failure.csv,False,
2014-03-14 03:06:00+00:00,47.112,realKnownCause/ec2_request_latency_system_failure.csv,False,
2014-03-14 03:11:00+00:00,46.154,realKnownCause/ec2_request_latency_system_failure.csv,False,
2014-03-14 03:16:00+00:00,41.268,realKnownCause/ec2_request_latency_system_failure.csv,False,
2014-03-14 03:21:00+00:00,43.41,realKnownCause/ec2_request_latency_system_failure.csv,False,
2014-03-14 03:26:00+00:00,44.108,realKnownCause/ec2_request_latency_system_failure.csv,False,
2014-03-14 03:31:00+00:00,44.46,realKnownCause/ec2_request_latency_system_failure.csv,True,nab_event_1
2014-03-14 03:36:00+00:00,45.104,realKnownCause/ec2_request_latency_system_failure.csv,True,nab_event_1
2014-03-14 03:41:00+00:00,49.268,realKnownCause/ec2_request_latency_system_failure.csv,True,nab_event_1
2014-03-14 03:46:00+00:00,42.254,realKnownCause/ec2_request_latency_system_failure.csv,True,nab_event_1
2014-03-14 03:51:00+00:00,45.14,realKnownCause/ec2_request_latency_system_failure.csv,True,nab_event_1
2014-03-14 03:56:00+00:00,47.16,realKnownCause/ec2_request_latency_system_failure.csv,True,nab_event_1
2014-03-14 04:01:00+00:00,41.38399999999999,realKnownCause/ec2_request_latency_system_failure.csv,True,nab_event_1
2014-03-14 04:06:00+00:00,44.108,realKnownCause/ec2_request_latency_system_failure.csv,True,nab_event_1
2014-03-14 04:11:00+00:00,47.63,realKnownCause/ec2_request_latency_system_failure.csv,True,nab_event_1
2014-03-14 04:16:00+00:00,42.254,realKnownCause/ec2_request_latency_system_failure.csv,True,nab_event_1
2014-03-14 04:21:00+00:00,43.858,realKnownCause/ec2_request_latency_system_failure.csv,True,nab_event_1
2014-03-14 04:26:00+00:00,43.846,realKnownCause/ec2_request_latency_system_failure.csv,True,nab_event_1
2014-03-14 04:31:00+00:00,44.976000000000006,realKnownCause/ec2_request_latency_system_failure.csv,True,nab_event_1
2014-03-14 04:36:00+00:00,42.746,realKnownCause/ec2_request_latency_system_failure.csv,True,nab_event_1
2014-03-14 04:41:00+00:00,45.996,realKnownCause/ec2_request_latency_system_failure.csv,True,nab_event_1
2014-03-14 04:46:00+00:00,42.84,realKnownCause/ec2_request_latency_system_failure.csv,True,nab_event_1
2014-03-14 04:51:00+00:00,42.88800000000001,realKnownCause/ec2_request_latency_system_failure.csv,True,nab_event_1
2014-03-14 04:56:00+00:00,45.58600000000001,realKnownCause/ec2_request_latency_system_failure.csv,True,nab_event_1
2014-03-14 05:01:00+00:00,44.178,realKnownCause/ec2_request_latency_system_failure.csv,True,nab_event_1
2014-03-14 05:06:00+00:00,45.306,realKnownCause/ec2_request_latency_system_failure.csv,True,nab_event_1
2014-03-14 05:11:00+00:00,46.12600000000001,realKnownCause/ec2_request_latency_system_failure.csv,True,nab_event_1
2014-03-14 05:16:00+00:00,42.726000000000006,realKnownCause/ec2_request_latency_system_failure.csv,True,nab_event_1
2014-03-14 05:21:00+00:00,44.238,realKnownCause/ec2_request_latency_system_failure.csv,True,nab_event_1
2014-03-14 05:26:00+00:00,44.43600000000001,realKnownCause/ec2_request_latency_system_failure.csv,True,nab_event_1
2014-03-14 05:31:00+00:00,46.38,realKnownCause/ec2_request_latency_system_failure.csv,True,nab_event_1
2014-03-14 05:36:00+00:00,44.508,realKnownCause/ec2_request_latency_system_failure.csv,True,nab_event_1
2014-03-14 05:41:00+00:00,47.09,realKnownCause/ec2_request_latency_system_failure.csv,True,nab_event_1
2014-03-14 05:46:00+00:00,45.258,realKnownCause/ec2_request_latency_system_failure.csv,True,nab_event_1
2014-03-14 05:51:00+00:00,42.292,realKnownCause/ec2_request_latency_system_failure.csv,True,nab_event_1
2014-03-14 05:56:00+00:00,46.032,realKnownCause/ec2_request_latency_system_failure.csv,True,nab_event_1
2014-03-14 06:01:00+00:00,44.694,realKnownCause/ec2_request_latency_system_failure.csv,True,nab_event_1
2014-03-14 06:06:00+00:00,44.718,realKnownCause/ec2_request_latency_system_failure.csv,True,nab_event_1
2014-03-14 06:11:00+00:00,46.08,realKnownCause/ec2_request_latency_system_failure.csv,True,nab_event_1
2014-03-14 06:16:00+00:00,49.976000000000006,realKnownCause/ec2_request_latency_system_failure.csv,True,nab_event_1
2014-03-14 06:21:00+00:00,38.216,realKnownCause/ec2_request_latency_system_failure.csv,True,nab_event_1
2014-03-14 06:26:00+00:00,44.718,realKnownCause/ec2_request_latency_system_failure.csv,True,nab_event_1
2014-03-14 06:31:00+00:00,46.04600000000001,realKnownCause/ec2_request_latency_system_failure.csv,True,nab_event_1
2014-03-14 06:36:00+00:00,46.184,realKnownCause/ec2_request_latency_system_failure.csv,True,nab_event_1
2014-03-14 06:41:00+00:00,45.04600000000001,realKnownCause/ec2_request_latency_system_failure.csv,True,nab_event_1
2014-03-14 06:46:00+00:00,44.18,realKnownCause/ec2_request_latency_system_failure.csv,True,nab_event_1
2014-03-14 06:51:00+00:00,46.104,realKnownCause/ec2_request_latency_system_failure.csv,True,nab_event_1
2014-03-14 06:56:00+00:00,45.34,realKnownCause/ec2_request_latency_system_failure.csv,True,nab_event_1
2014-03-14 07:01:00+00:00,43.322,realKnownCause/ec2_request_latency_system_failure.csv,True,nab_event_1
2014-03-14 07:06:00+00:00,47.112,realKnownCause/ec2_request_latency_system_failure.csv,True,nab_event_1
2014-03-14 07:11:00+00:00,43.01600000000001,realKnownCause/ec2_request_latency_system_failure.csv,True,nab_event_1
2014-03-14 07:16:00+00:00,46.292,realKnownCause/ec2_request_latency_system_failure.csv,True,nab_event_1
2014-03-14 07:21:00+00:00,42.418,realKnownCause/ec2_request_latency_system_failure.csv,True,nab_event_1
2014-03-14 07:26:00+00:00,43.972,realKnownCause/ec2_request_latency_system_failure.csv,True,nab_event_1
2014-03-14 07:31:00+00:00,43.896,realKnownCause/ec2_request_latency_system_failure.csv,True,nab_event_1
2014-03-14 07:36:00+00:00,46.15,realKnownCause/ec2_request_latency_system_failure.csv,True,nab_event_1
2014-03-14 07:41:00+00:00,44.414,realKnownCause/ec2_request_latency_system_failure.csv,True,nab_event_1
2014-03-14 07:46:00+00:00,45.916,realKnownCause/ec2_request_latency_system_failure.csv,True,nab_event_1
2014-03-14 07:51:00+00:00,45.094,realKnownCause/ec2_request_latency_system_failure.csv,True,nab_event_1
2014-03-14 07:56:00+00:00,43.24,realKnownCause/ec2_request_latency_system_failure.csv,True,nab_event_1
2014-03-14 08:01:00+00:00,44.29600000000001,realKnownCause/ec2_request_latency_system_failure.csv,True,nab_event_1
2014-03-14 08:06:00+00:00,44.192,realKnownCause/ec2_request_latency_system_failure.csv,True,nab_event_1
2014-03-14 08:11:00+00:00,46.714,realKnownCause/ec2_request_latency_system_failure.csv,True,nab_event_1
2014-03-14 08:16:00+00:00,44.508,realKnownCause/ec2_request_latency_system_failure.csv,True,nab_event_1
2014-03-14 08:21:00+00:00,42.206,realKnownCause/ec2_request_latency_system_failure.csv,True,nab_event_1
2014-03-14 08:26:00+00:00,43.968,realKnownCause/ec2_request_latency_system_failure.csv,True,nab_event_1
2014-03-14 08:31:00+00:00,43.756,realKnownCause/ec2_request_latency_system_failure.csv,True,nab_event_1
2014-03-14 08:36:00+00:00,46.38399999999999,realKnownCause/ec2_request_latency_system_failure.csv,True,nab_event_1
2014-03-14 08:41:00+00:00,41.268,realKnownCause/ec2_request_latency_system_failure.csv,True,nab_event_1
2014-03-14 08:46:00+00:00,45.514,realKnownCause/ec2_request_latency_system_failure.csv,True,nab_event_1
2014-03-14 08:51:00+00:00,43.356,realKnownCause/ec2_request_latency_system_failure.csv,True,nab_event_1
2014-03-14 08:56:00+00:00,44.508,realKnownCause/ec2_request_latency_system_failure.csv,True,nab_event_1
2014-03-14 09:01:00+00:00,44.108,realKnownCause/ec2_request_latency_system_failure.csv,True,nab_event_1
2014-03-14 09:06:00+00:00,30.482,realKnownCause/ec2_request_latency_system_failure.csv,True,nab_event_1
2014-03-14 09:11:00+00:00,51.6,realKnownCause/ec2_request_latency_system_failure.csv,True,nab_event_1
2014-03-14 09:16:00+00:00,40.61,realKnownCause/ec2_request_latency_system_failure.csv,True,nab_event_1
2014-03-14 09:21:00+00:00,39.906,realKnownCause/ec2_request_latency_system_failure.csv,True,nab_event_1
2014-03-14 09:26:00+00:00,44.426,realKnownCause/ec2_request_latency_system_failure.csv,True,nab_event_1
2014-03-14 09:31:00+00:00,43.49800000000001,realKnownCause/ec2_request_latency_system_failure.csv,True,nab_event_1
2014-03-14 09:36:00+00:00,42.88800000000001,realKnownCause/ec2_request_latency_system_failure.csv,True,nab_event_1
2014-03-14 09:41:00+00:00,46.526,realKnownCause/ec2_request_latency_system_failure.csv,True,nab_event_1
2014-03-14 09:46:00+00:00,43.076,realKnownCause/ec2_request_latency_system_failure.csv,True,nab_event_1
2014-03-14 09:51:00+00:00,44.202,realKnownCause/ec2_request_latency_system_failure.csv,True,nab_event_1
2014-03-14 09:56:00+00:00,46.854,realKnownCause/ec2_request_latency_system_failure.csv,True,nab_event_1
2014-03-14 10:01:00+00:00,42.25,realKnownCause/ec2_request_latency_system_failure.csv,True,nab_event_1
2014-03-14 10:06:00+00:00,43.92,realKnownCause/ec2_request_latency_system_failure.csv,True,nab_event_1
2014-03-14 10:11:00+00:00,45.68,realKnownCause/ec2_request_latency_system_failure.csv,True,nab_event_1
2014-03-14 10:16:00+00:00,45.14,realKnownCause/ec2_request_latency_system_failure.csv,True,nab_event_1
2014-03-14 10:21:00+00:00,42.77,realKnownCause/ec2_request_latency_system_failure.csv,True,nab_event_1
2014-03-14 10:26:00+00:00,45.938,realKnownCause/ec2_request_latency_system_failure.csv,True,nab_event_1
2014-03-14 10:31:00+00:00,42.3,realKnownCause/ec2_request_latency_system_failure.csv,True,nab_event_1
2014-03-14 10:36:00+00:00,44.42,realKnownCause/ec2_request_latency_system_failure.csv,True,nab_event_1
2014-03-14 10:41:00+00:00,43.61600000000001,realKnownCause/ec2_request_latency_system_failure.csv,True,nab_event_1
2014-03-14 10:46:00+00:00,43.85,realKnownCause/ec2_request_latency_system_failure.csv,True,nab_event_1
2014-03-14 10:51:00+00:00,43.756,realKnownCause/ec2_request_latency_system_failure.csv,True,nab_event_1
2014-03-14 10:56:00+00:00,48.99,realKnownCause/ec2_request_latency_system_failure.csv,True,nab_event_1
2014-03-14 11:01:00+00:00,40.704,realKnownCause/ec2_request_latency_system_failure.csv,True,nab_event_1
2014-03-14 11:06:00+00:00,44.624,realKnownCause/ec2_request_latency_system_failure.csv,True,nab_event_1
2014-03-14 11:11:00+00:00,44.678,realKnownCause/ec2_request_latency_system_failure.csv,True,nab_event_1
2014-03-14 11:16:00+00:00,44.624,realKnownCause/ec2_request_latency_system_failure.csv,True,nab_event_1
2014-03-14 11:21:00+00:00,43.756,realKnownCause/ec2_request_latency_system_failure.csv,True,nab_event_1
2014-03-14 11:26:00+00:00,45.9,realKnownCause/ec2_request_latency_system_failure.csv,True,nab_event_1
2014-03-14 11:31:00+00:00,43.286,realKnownCause/ec2_request_latency_system_failure.csv,True,nab_event_1
2014-03-14 11:36:00+00:00,43.31,realKnownCause/ec2_request_latency_system_failure.csv,True,nab_event_1
2014-03-14 11:41:00+00:00,45.24800000000001,realKnownCause/ec2_request_latency_system_failure.csv,True,nab_event_1
2014-03-14 11:46:00+00:00,44.202,realKnownCause/ec2_request_latency_system_failure.csv,True,nab_event_1
2014-03-14 11:51:00+00:00,46.996,realKnownCause/ec2_request_latency_system_failure.csv,True,nab_event_1
2014-03-14 11:56:00+00:00,44.788,realKnownCause/ec2_request_latency_system_failure.csv,True,nab_event_1
2014-03-14 12:01:00+00:00,42.442,realKnownCause/ec2_request_latency_system_failure.csv,True,nab_event_1
2014-03-14 12:06:00+00:00,44.27,realKnownCause/ec2_request_latency_system_failure.csv,True,nab_event_1
2014-03-14 12:11:00+00:00,47.066,realKnownCause/ec2_request_latency_system_failure.csv,True,nab_event_1
2014-03-14 12:16:00+00:00,43.122,realKnownCause/ec2_request_latency_system_failure.csv,True,nab_event_1
2014-03-14 12:21:00+00:00,44.108,realKnownCause/ec2_request_latency_system_failure.csv,True,nab_event_1
2014-03-14 12:26:00+00:00,45.868,realKnownCause/ec2_request_latency_system_failure.csv,True,nab_event_1
2014-03-14 12:31:00+00:00,42.254,realKnownCause/ec2_request_latency_system_failure.csv,True,nab_event_1
2014-03-14 12:36:00+00:00,46.722,realKnownCause/ec2_request_latency_system_failure.csv,True,nab_event_1
2014-03-14 12:41:00+00:00,41.198,realKnownCause/ec2_request_latency_system_failure.csv,True,nab_event_1
2014-03-14 12:46:00+00:00,44.978,realKnownCause/ec2_request_latency_system_failure.csv,True,nab_event_1
2014-03-14 12:51:00+00:00,45.184,realKnownCause/ec2_request_latency_system_failure.csv,True,nab_event_1
2014-03-14 12:56:00+00:00,43.732,realKnownCause/ec2_request_latency_system_failure.csv,True,nab_event_1
2014-03-14 13:01:00+00:00,44.226000000000006,realKnownCause/ec2_request_latency_system_failure.csv,True,nab_event_1
2014-03-14 13:06:00+00:00,42.306,realKnownCause/ec2_request_latency_system_failure.csv,True,nab_event_1
2014-03-14 13:11:00+00:00,45.37600000000001,realKnownCause/ec2_request_latency_system_failure.csv,True,nab_event_1
2014-03-14 13:16:00+00:00,44.356,realKnownCause/ec2_request_latency_system_failure.csv,True,nab_event_1
2014-03-14 13:21:00+00:00,47.162,realKnownCause/ec2_request_latency_system_failure.csv,True,nab_event_1
2014-03-14 13:26:00+00:00,43.428,realKnownCause/ec2_request_latency_system_failure.csv,True,nab_event_1
2014-03-14 13:31:00+00:00,41.456,realKnownCause/ec2_request_latency_system_failure.csv,True,nab_event_1
2014-03-14 13:36:00+00:00,44.618,realKnownCause/ec2_request_latency_system_failure.csv,True,nab_event_1
2014-03-14 13:41:00+00:00,45.352,realKnownCause/ec2_request_latency_system_failure.csv,True,nab_event_1
2014-03-14 13:46:00+00:00,46.056,realKnownCause/ec2_request_latency_system_failure.csv,True,nab_event_1
2014-03-14 13:51:00+00:00,42.476000000000006,realKnownCause/ec2_request_latency_system_failure.csv,True,nab_event_1
2014-03-14 13:56:00+00:00,47.16,realKnownCause/ec2_request_latency_system_failure.csv,True,nab_event_1
2014-03-14 14:01:00+00:00,43.146,realKnownCause/ec2_request_latency_system_failure.csv,True,nab_event_1
2014-03-14 14:06:00+00:00,44.172,realKnownCause/ec2_request_latency_system_failure.csv,True,nab_event_1
2014-03-14 14:11:00+00:00,48.356,realKnownCause/ec2_request_latency_system_failure.csv,True,nab_event_1
2014-03-14 14:16:00+00:00,43.24,realKnownCause/ec2_request_latency_system_failure.csv,True,nab_event_1
2014-03-14 14:21:00+00:00,42.254,realKnownCause/ec2_request_latency_system_failure.csv,True,nab_event_1
2014-03-14 14:26:00+00:00,43.99,realKnownCause/ec2_request_latency_system_failure.csv,True,nab_event_1
2014-03-14 14:31:00+00:00,45.198,realKnownCause/ec2_request_latency_system_failure.csv,True,nab_event_1
2014-03-14 14:36:00+00:00,42.676,realKnownCause/ec2_request_latency_system_failure.csv,True,nab_event_1
2014-03-14 14:41:00+00:00,46.268,realKnownCause/ec2_request_latency_system_failure.csv,True,nab_event_1
2014-03-14 14:46:00+00:00,41.762,realKnownCause/ec2_request_latency_system_failure.csv,False,
2014-03-14 14:51:00+00:00,43.874,realKnownCause/ec2_request_latency_system_failure.csv,False,
2014-03-14 14:56:00+00:00,47.184,realKnownCause/ec2_request_latency_system_failure.csv,False,
2014-03-14 15:01:00+00:00,42.254,realKnownCause/ec2_request_latency_system_failure.csv,False,
2014-03-14 15:06:00+00:00,47.16,realKnownCause/ec2_request_latency_system_failure.csv,False,
2014-03-14 15:11:00+00:00,42.37,realKnownCause/ec2_request_latency_system_failure.csv,False,
2014-03-14 15:16:00+00:00,44.72,realKnownCause/ec2_request_latency_system_failure.csv,False,
2014-03-14 15:21:00+00:00,44.202,realKnownCause/ec2_request_latency_system_failure.csv,False,
2014-03-14 15:26:00+00:00,44.052,realKnownCause/ec2_request_latency_system_failure.csv,False,
2014-03-14 15:31:00+00:00,44.32,realKnownCause/ec2_request_latency_system_failure.csv,False,
2014-03-14 15:36:00+00:00,43.56800000000001,realKnownCause/ec2_request_latency_system_failure.csv,False,
2014-03-14 15:41:00+00:00,47.394,realKnownCause/ec2_request_latency_system_failure.csv,False,
2014-03-14 15:46:00+00:00,40.61,realKnownCause/ec2_request_latency_system_failure.csv,False,
2014-03-14 15:51:00+00:00,42.88800000000001,realKnownCause/ec2_request_latency_system_failure.csv,False,
2014-03-14 15:56:00+00:00,46.174,realKnownCause/ec2_request_latency_system_failure.csv,False,
2014-03-14 16:01:00+00:00,44.43600000000001,realKnownCause/ec2_request_latency_system_failure.csv,False,
2014-03-14 16:06:00+00:00,45.072,realKnownCause/ec2_request_latency_system_failure.csv,False,
2014-03-14 16:11:00+00:00,47.348,realKnownCause/ec2_request_latency_system_failure.csv,False,
2014-03-14 16:16:00+00:00,43.176,realKnownCause/ec2_request_latency_system_failure.csv,False,
2014-03-14 16:21:00+00:00,44.36600000000001,realKnownCause/ec2_request_latency_system_failure.csv,False,
2014-03-14 16:26:00+00:00,48.184,realKnownCause/ec2_request_latency_system_failure.csv,False,
2014-03-14 16:31:00+00:00,41.224,realKnownCause/ec2_request_latency_system_failure.csv,False,
2014-03-14 16:36:00+00:00,44.90600000000001,realKnownCause/ec2_request_latency_system_failure.csv,False,
2014-03-14 16:41:00+00:00,45.812,realKnownCause/ec2_request_latency_system_failure.csv,False,
2014-03-14 16:46:00+00:00,42.324,realKnownCause/ec2_request_latency_system_failure.csv,False,
2014-03-14 16:51:00+00:00,44.178,realKnownCause/ec2_request_latency_system_failure.csv,False,
2014-03-14 16:56:00+00:00,45.924,realKnownCause/ec2_request_latency_system_failure.csv,False,
2014-03-14 17:01:00+00:00,45.63399999999999,realKnownCause/ec2_request_latency_system_failure.csv,False,
2014-03-14 17:06:00+00:00,42.88800000000001,realKnownCause/ec2_request_latency_system_failure.csv,False,
2014-03-14 17:11:00+00:00,47.738,realKnownCause/ec2_request_latency_system_failure.csv,False,
2014-03-14 17:16:00+00:00,45.258,realKnownCause/ec2_request_latency_system_failure.csv,False,
2014-03-14 17:21:00+00:00,41.854,realKnownCause/ec2_request_latency_system_failure.csv,False,
2014-03-14 17:26:00+00:00,46.128,realKnownCause/ec2_request_latency_system_failure.csv,False,
2014-03-14 17:31:00+00:00,44.32,realKnownCause/ec2_request_latency_system_failure.csv,False,
2014-03-14 17:36:00+00:00,46.212,realKnownCause/ec2_request_latency_system_failure.csv,False,
2014-03-14 17:41:00+00:00,46.164,realKnownCause/ec2_request_latency_system_failure.csv,False,
2014-03-14 17:46:00+00:00,42.418,realKnownCause/ec2_request_latency_system_failure.csv,False,
2014-03-14 17:51:00+00:00,44.308,realKnownCause/ec2_request_latency_system_failure.csv,False,
2014-03-14 17:56:00+00:00,48.414,realKnownCause/ec2_request_latency_system_failure.csv,False,
2014-03-14 18:01:00+00:00,41.854,realKnownCause/ec2_request_latency_system_failure.csv,False,
2014-03-14 18:06:00+00:00,46.62,realKnownCause/ec2_request_latency_system_failure.csv,False,
2014-03-14 18:11:00+00:00,47.816,realKnownCause/ec2_request_latency_system_failure.csv,False,
2014-03-14 18:16:00+00:00,44.724,realKnownCause/ec2_request_latency_system_failure.csv,False,
2014-03-14 18:21:00+00:00,44.6,realKnownCause/ec2_request_latency_system_failure.csv,False,
2014-03-14 18:26:00+00:00,42.724,realKnownCause/ec2_request_latency_system_failure.csv,False,
2014-03-14 18:31:00+00:00,43.896,realKnownCause/ec2_request_latency_system_failure.csv,False,
2014-03-14 18:36:00+00:00,44.062,realKnownCause/ec2_request_latency_system_failure.csv,False,
2014-03-14 18:41:00+00:00,50.034,realKnownCause/ec2_request_latency_system_failure.csv,False,
2014-03-14 18:46:00+00:00,36.89,realKnownCause/ec2_request_latency_system_failure.csv,False,
2014-03-14 18:51:00+00:00,44.084,realKnownCause/ec2_request_latency_system_failure.csv,False,
2014-03-14 18:56:00+00:00,46.19,realKnownCause/ec2_request_latency_system_failure.csv,False,
2014-03-14 19:01:00+00:00,44.414,realKnownCause/ec2_request_latency_system_failure.csv,False,
2014-03-14 19:06:00+00:00,44.39,realKnownCause/ec2_request_latency_system_failure.csv,False,
2014-03-14 19:11:00+00:00,48.192,realKnownCause/ec2_request_latency_system_failure.csv,False,
2014-03-14 19:16:00+00:00,43.688,realKnownCause/ec2_request_latency_system_failure.csv,False,
2014-03-14 19:21:00+00:00,43.028,realKnownCause/ec2_request_latency_system_failure.csv,False,
2014-03-14 19:26:00+00:00,44.43600000000001,realKnownCause/ec2_request_latency_system_failure.csv,False,
2014-03-14 19:31:00+00:00,44.672,realKnownCause/ec2_request_latency_system_failure.csv,False,
2014-03-14 19:36:00+00:00,44.622,realKnownCause/ec2_request_latency_system_failure.csv,False,
2014-03-14 19:41:00+00:00,47.794,realKnownCause/ec2_request_latency_system_failure.csv,False,
2014-03-14 19:46:00+00:00,43.06399999999999,realKnownCause/ec2_request_latency_system_failure.csv,False,
2014-03-14 19:51:00+00:00,45.4,realKnownCause/ec2_request_latency_system_failure.csv,False,
2014-03-14 19:56:00+00:00,44.624,realKnownCause/ec2_request_latency_system_failure.csv,False,
2014-03-14 20:01:00+00:00,44.788,realKnownCause/ec2_request_latency_system_failure.csv,False,
2014-03-14 20:06:00+00:00,44.414,realKnownCause/ec2_request_latency_system_failure.csv,False,
2014-03-14 20:11:00+00:00,50.596,realKnownCause/ec2_request_latency_system_failure.csv,False,
2014-03-14 20:16:00+00:00,39.986,realKnownCause/ec2_request_latency_system_failure.csv,False,
2014-03-14 20:21:00+00:00,44.29600000000001,realKnownCause/ec2_request_latency_system_failure.csv,False,
2014-03-14 20:26:00+00:00,45.352,realKnownCause/ec2_request_latency_system_failure.csv,False,
2014-03-14 20:31:00+00:00,42.982,realKnownCause/ec2_request_latency_system_failure.csv,False,
2014-03-14 20:36:00+00:00,45.118,realKnownCause/ec2_request_latency_system_failure.csv,False,
2014-03-14 20:41:00+00:00,44.344,realKnownCause/ec2_request_latency_system_failure.csv,False,
2014-03-14 20:46:00+00:00,45.916,realKnownCause/ec2_request_latency_system_failure.csv,False,
2014-03-14 20:51:00+00:00,42.37,realKnownCause/ec2_request_latency_system_failure.csv,False,
2014-03-14 20:56:00+00:00,46.854,realKnownCause/ec2_request_latency_system_failure.csv,False,
2014-03-14 21:01:00+00:00,44.672,realKnownCause/ec2_request_latency_system_failure.csv,False,
2014-03-14 21:06:00+00:00,43.598,realKnownCause/ec2_request_latency_system_failure.csv,False,
2014-03-14 21:11:00+00:00,47.958,realKnownCause/ec2_request_latency_system_failure.csv,False,
2014-03-14 21:16:00+00:00,42.746,realKnownCause/ec2_request_latency_system_failure.csv,False,
2014-03-14 21:21:00+00:00,44.262,realKnownCause/ec2_request_latency_system_failure.csv,False,
2014-03-14 21:26:00+00:00,44.092,realKnownCause/ec2_request_latency_system_failure.csv,False,
2014-03-14 21:31:00+00:00,44.58,realKnownCause/ec2_request_latency_system_failure.csv,False,
2014-03-14 21:36:00+00:00,45.04600000000001,realKnownCause/ec2_request_latency_system_failure.csv,False,
2014-03-14 21:41:00+00:00,51.768,realKnownCause/ec2_request_latency_system_failure.csv,False,
2014-03-14 21:46:00+00:00,38.474,realKnownCause/ec2_request_latency_system_failure.csv,False,
2014-03-14 21:51:00+00:00,44.482,realKnownCause/ec2_request_latency_system_failure.csv,False,
2014-03-14 21:56:00+00:00,46.01,realKnownCause/ec2_request_latency_system_failure.csv,False,
2014-03-14 22:01:00+00:00,44.578,realKnownCause/ec2_request_latency_system_failure.csv,False,
2014-03-14 22:06:00+00:00,44.43600000000001,realKnownCause/ec2_request_latency_system_failure.csv,False,
2014-03-14 22:11:00+00:00,47.63,realKnownCause/ec2_request_latency_system_failure.csv,False,
2014-03-14 22:16:00+00:00,43.756,realKnownCause/ec2_request_latency_system_failure.csv,False,
2014-03-14 22:21:00+00:00,43.146,realKnownCause/ec2_request_latency_system_failure.csv,False,
2014-03-14 22:26:00+00:00,47.794,realKnownCause/ec2_request_latency_system_failure.csv,False,
2014-03-14 22:31:00+00:00,41.338,realKnownCause/ec2_request_latency_system_failure.csv,False,
2014-03-14 22:36:00+00:00,45.864,realKnownCause/ec2_request_latency_system_failure.csv,False,
2014-03-14 22:41:00+00:00,43.076,realKnownCause/ec2_request_latency_system_failure.csv,False,
2014-03-14 22:46:00+00:00,45.298,realKnownCause/ec2_request_latency_system_failure.csv,False,
2014-03-14 22:51:00+00:00,43.512,realKnownCause/ec2_request_latency_system_failure.csv,False,
2014-03-14 22:56:00+00:00,45.854,realKnownCause/ec2_request_latency_system_failure.csv,False,
2014-03-14 23:01:00+00:00,46.852,realKnownCause/ec2_request_latency_system_failure.csv,False,
2014-03-14 23:06:00+00:00,45.14,realKnownCause/ec2_request_latency_system_failure.csv,False,
2014-03-14 23:11:00+00:00,43.054,realKnownCause/ec2_request_latency_system_failure.csv,False,
2014-03-14 23:16:00+00:00,44.508,realKnownCause/ec2_request_latency_system_failure.csv,False,
2014-03-14 23:21:00+00:00,45.514,realKnownCause/ec2_request_latency_system_failure.csv,False,
2014-03-14 23:26:00+00:00,42.816,realKnownCause/ec2_request_latency_system_failure.csv,False,
2014-03-14 23:31:00+00:00,46.344,realKnownCause/ec2_request_latency_system_failure.csv,False,
2014-03-14 23:36:00+00:00,43.852,realKnownCause/ec2_request_latency_system_failure.csv,False,
2014-03-14 23:41:00+00:00,45.51600000000001,realKnownCause/ec2_request_latency_system_failure.csv,False,
2014-03-14 23:46:00+00:00,44.402,realKnownCause/ec2_request_latency_system_failure.csv,False,
2014-03-14 23:51:00+00:00,44.456,realKnownCause/ec2_request_latency_system_failure.csv,False,
2014-03-14 23:56:00+00:00,47.136,realKnownCause/ec2_request_latency_system_failure.csv,False,
2014-03-15 00:01:00+00:00,44.53,realKnownCause/ec2_request_latency_system_failure.csv,False,
2014-03-15 00:06:00+00:00,44.716,realKnownCause/ec2_request_latency_system_failure.csv,False,
2014-03-15 00:11:00+00:00,44.154,realKnownCause/ec2_request_latency_system_failure.csv,False,
2014-03-15 00:16:00+00:00,43.90600000000001,realKnownCause/ec2_request_latency_system_failure.csv,False,
2014-03-15 00:21:00+00:00,44.812,realKnownCause/ec2_request_latency_system_failure.csv,False,
2014-03-15 00:26:00+00:00,44.864,realKnownCause/ec2_request_latency_system_failure.csv,False,
2014-03-15 00:31:00+00:00,44.578,realKnownCause/ec2_request_latency_system_failure.csv,False,
2014-03-15 00:36:00+00:00,44.99800000000001,realKnownCause/ec2_request_latency_system_failure.csv,False,
2014-03-15 00:41:00+00:00,50.032,realKnownCause/ec2_request_latency_system_failure.csv,False,
2014-03-15 00:46:00+00:00,41.55,realKnownCause/ec2_request_latency_system_failure.csv,False,
2014-03-15 00:51:00+00:00,43.78,realKnownCause/ec2_request_latency_system_failure.csv,False,
2014-03-15 00:56:00+00:00,47.066,realKnownCause/ec2_request_latency_system_failure.csv,False,
2014-03-15 01:01:00+00:00,43.554,realKnownCause/ec2_request_latency_system_failure.csv,False,
2014-03-15 01:06:00+00:00,44.838,realKnownCause/ec2_request_latency_system_failure.csv,False,
2014-03-15 01:11:00+00:00,48.334,realKnownCause/ec2_request_latency_system_failure.csv,False,
2014-03-15 01:16:00+00:00,43.122,realKnownCause/ec2_request_latency_system_failure.csv,False,
2014-03-15 01:21:00+00:00,44.24800000000001,realKnownCause/ec2_request_latency_system_failure.csv,False,
2014-03-15 01:26:00+00:00,45.262,realKnownCause/ec2_request_latency_system_failure.csv,False,
2014-03-15 01:31:00+00:00,41.292,realKnownCause/ec2_request_latency_system_failure.csv,False,
2014-03-15 01:36:00+00:00,44.68600000000001,realKnownCause/ec2_request_latency_system_failure.csv,False,
2014-03-15 01:41:00+00:00,45.544,realKnownCause/ec2_request_latency_system_failure.csv,False,
2014-03-15 01:46:00+00:00,46.032,realKnownCause/ec2_request_latency_system_failure.csv,False,
2014-03-15 01:51:00+00:00,41.85,realKnownCause/ec2_request_latency_system_failure.csv,False,
2014-03-15 01:56:00+00:00,45.986,realKnownCause/ec2_request_latency_system_failure.csv,False,
2014-03-15 02:01:00+00:00,45.61,realKnownCause/ec2_request_latency_system_failure.csv,False,
2014-03-15 02:06:00+00:00,42.65600000000001,realKnownCause/ec2_request_latency_system_failure.csv,False,
2014-03-15 02:11:00+00:00,45.51600000000001,realKnownCause/ec2_request_latency_system_failure.csv,False,
2014-03-15 02:16:00+00:00,48.68600000000001,realKnownCause/ec2_request_latency_system_failure.csv,False,
2014-03-15 02:21:00+00:00,39.508,realKnownCause/ec2_request_latency_system_failure.csv,False,
2014-03-15 02:26:00+00:00,42.338,realKnownCause/ec2_request_latency_system_failure.csv,False,
2014-03-15 02:31:00+00:00,44.178,realKnownCause/ec2_request_latency_system_failure.csv,False,
2014-03-15 02:36:00+00:00,45.306,realKnownCause/ec2_request_latency_system_failure.csv,False,
2014-03-15 02:41:00+00:00,41.478,realKnownCause/ec2_request_latency_system_failure.csv,False,
2014-03-15 02:46:00+00:00,43.944,realKnownCause/ec2_request_latency_system_failure.csv,False,
2014-03-15 02:51:00+00:00,45.63,realKnownCause/ec2_request_latency_system_failure.csv,False,
2014-03-15 02:56:00+00:00,44.154,realKnownCause/ec2_request_latency_system_failure.csv,False,
2014-03-15 03:01:00+00:00,44.414,realKnownCause/ec2_request_latency_system_failure.csv,False,
2014-03-15 03:06:00+00:00,46.714,realKnownCause/ec2_request_latency_system_failure.csv,False,
2014-03-15 03:11:00+00:00,44.55,realKnownCause/ec2_request_latency_system_failure.csv,False,
2014-03-15 03:16:00+00:00,42.974,realKnownCause/ec2_request_latency_system_failure.csv,False,
2014-03-15 03:21:00+00:00,45.916,realKnownCause/ec2_request_latency_system_failure.csv,False,
2014-03-15 03:26:00+00:00,42.206,realKnownCause/ec2_request_latency_system_failure.csv,False,
2014-03-15 03:31:00+00:00,44.95399999999999,realKnownCause/ec2_request_latency_system_failure.csv,False,
2014-03-15 03:36:00+00:00,45.492,realKnownCause/ec2_request_latency_system_failure.csv,False,
2014-03-15 03:41:00+00:00,45.56399999999999,realKnownCause/ec2_request_latency_system_failure.csv,False,
2014-03-15 03:46:00+00:00,47.562,realKnownCause/ec2_request_latency_system_failure.csv,False,
2014-03-15 03:51:00+00:00,45.07,realKnownCause/ec2_request_latency_system_failure.csv,False,
2014-03-15 03:56:00+00:00,47.066,realKnownCause/ec2_request_latency_system_failure.csv,False,
2014-03-15 04:01:00+00:00,42.982,realKnownCause/ec2_request_latency_system_failure.csv,False,
2014-03-15 04:06:00+00:00,44.554,realKnownCause/ec2_request_latency_system_failure.csv,False,
2014-03-15 04:11:00+00:00,45.736,realKnownCause/ec2_request_latency_system_failure.csv,False,
2014-03-15 04:16:00+00:00,44.084,realKnownCause/ec2_request_latency_system_failure.csv,False,
2014-03-15 04:21:00+00:00,47.558,realKnownCause/ec2_request_latency_system_failure.csv,False,
2014-03-15 04:26:00+00:00,41.104,realKnownCause/ec2_request_latency_system_failure.csv,False,
2014-03-15 04:31:00+00:00,44.272,realKnownCause/ec2_request_latency_system_failure.csv,False,
2014-03-15 04:36:00+00:00,44.414,realKnownCause/ec2_request_latency_system_failure.csv,False,
2014-03-15 04:41:00+00:00,46.924,realKnownCause/ec2_request_latency_system_failure.csv,False,
2014-03-15 04:46:00+00:00,42.09,realKnownCause/ec2_request_latency_system_failure.csv,False,
2014-03-15 04:51:00+00:00,46.538,realKnownCause/ec2_request_latency_system_failure.csv,False,
2014-03-15 04:56:00+00:00,45.752,realKnownCause/ec2_request_latency_system_failure.csv,False,
2014-03-15 05:01:00+00:00,43.06800000000001,realKnownCause/ec2_request_latency_system_failure.csv,False,
2014-03-15 05:06:00+00:00,44.39,realKnownCause/ec2_request_latency_system_failure.csv,False,
2014-03-15 05:11:00+00:00,45.938,realKnownCause/ec2_request_latency_system_failure.csv,False,
2014-03-15 05:16:00+00:00,44.896,realKnownCause/ec2_request_latency_system_failure.csv,False,
2014-03-15 05:21:00+00:00,47.724,realKnownCause/ec2_request_latency_system_failure.csv,False,
2014-03-15 05:26:00+00:00,39.978,realKnownCause/ec2_request_latency_system_failure.csv,False,
2014-03-15 05:31:00+00:00,45.846,realKnownCause/ec2_request_latency_system_failure.csv,False,
2014-03-15 05:36:00+00:00,44.262,realKnownCause/ec2_request_latency_system_failure.csv,False,
2014-03-15 05:41:00+00:00,45.97,realKnownCause/ec2_request_latency_system_failure.csv,False,
2014-03-15 05:46:00+00:00,44.462,realKnownCause/ec2_request_latency_system_failure.csv,False,
2014-03-15 05:51:00+00:00,46.652,realKnownCause/ec2_request_latency_system_failure.csv,False,
2014-03-15 05:56:00+00:00,44.322,realKnownCause/ec2_request_latency_system_failure.csv,False,
2014-03-15 06:01:00+00:00,44.792,realKnownCause/ec2_request_latency_system_failure.csv,False,
2014-03-15 06:06:00+00:00,48.40600000000001,realKnownCause/ec2_request_latency_system_failure.csv,False,
2014-03-15 06:11:00+00:00,41.808,realKnownCause/ec2_request_latency_system_failure.csv,False,
2014-03-15 06:16:00+00:00,42.81800000000001,realKnownCause/ec2_request_latency_system_failure.csv,False,
2014-03-15 06:21:00+00:00,46.15,realKnownCause/ec2_request_latency_system_failure.csv,False,
2014-03-15 06:26:00+00:00,42.558,realKnownCause/ec2_request_latency_system_failure.csv,False,
2014-03-15 06:31:00+00:00,44.55,realKnownCause/ec2_request_latency_system_failure.csv,False,
2014-03-15 06:36:00+00:00,44.464,realKnownCause/ec2_request_latency_system_failure.csv,False,
2014-03-15 06:41:00+00:00,45.238,realKnownCause/ec2_request_latency_system_failure.csv,False,
2014-03-15 06:46:00+00:00,44.812,realKnownCause/ec2_request_latency_system_failure.csv,False,
2014-03-15 06:51:00+00:00,44.822,realKnownCause/ec2_request_latency_system_failure.csv,False,
2014-03-15 06:56:00+00:00,43.45,realKnownCause/ec2_request_latency_system_failure.csv,False,
2014-03-15 07:01:00+00:00,44.122,realKnownCause/ec2_request_latency_system_failure.csv,False,
2014-03-15 07:06:00+00:00,44.63,realKnownCause/ec2_request_latency_system_failure.csv,False,
2014-03-15 07:11:00+00:00,46.284,realKnownCause/ec2_request_latency_system_failure.csv,False,
2014-03-15 07:16:00+00:00,44.36600000000001,realKnownCause/ec2_request_latency_system_failure.csv,False,
2014-03-15 07:21:00+00:00,47.512,realKnownCause/ec2_request_latency_system_failure.csv,False,
2014-03-15 07:26:00+00:00,40.986,realKnownCause/ec2_request_latency_system_failure.csv,False,
2014-03-15 07:31:00+00:00,44.132,realKnownCause/ec2_request_latency_system_failure.csv,False,
2014-03-15 07:36:00+00:00,47.63,realKnownCause/ec2_request_latency_system_failure.csv,False,
2014-03-15 07:41:00+00:00,42.91,realKnownCause/ec2_request_latency_system_failure.csv,False,
2014-03-15 07:46:00+00:00,45.582,realKnownCause/ec2_request_latency_system_failure.csv,False,
2014-03-15 07:51:00+00:00,42.394,realKnownCause/ec2_request_latency_system_failure.csv,False,
2014-03-15 07:56:00+00:00,47.394,realKnownCause/ec2_request_latency_system_failure.csv,False,
2014-03-15 08:01:00+00:00,42.914,realKnownCause/ec2_request_latency_system_failure.csv,False,
2014-03-15 08:06:00+00:00,44.272,realKnownCause/ec2_request_latency_system_failure.csv,False,
2014-03-15 08:11:00+00:00,45.9,realKnownCause/ec2_request_latency_system_failure.csv,False,
2014-03-15 08:16:00+00:00,45.986,realKnownCause/ec2_request_latency_system_failure.csv,False,
2014-03-15 08:21:00+00:00,42.536,realKnownCause/ec2_request_latency_system_failure.csv,False,
2014-03-15 08:26:00+00:00,46.856,realKnownCause/ec2_request_latency_system_failure.csv,False,
2014-03-15 08:31:00+00:00,42.91,realKnownCause/ec2_request_latency_system_failure.csv,False,
2014-03-15 08:36:00+00:00,42.934,realKnownCause/ec2_request_latency_system_failure.csv,False,
2014-03-15 08:41:00+00:00,44.3,realKnownCause/ec2_request_latency_system_failure.csv,False,
2014-03-15 08:46:00+00:00,46.062,realKnownCause/ec2_request_latency_system_failure.csv,False,
2014-03-15 08:51:00+00:00,42.508,realKnownCause/ec2_request_latency_system_failure.csv,False,
2014-03-15 08:56:00+00:00,46.042,realKnownCause/ec2_request_latency_system_failure.csv,False,
2014-03-15 09:01:00+00:00,44.38399999999999,realKnownCause/ec2_request_latency_system_failure.csv,False,
2014-03-15 09:06:00+00:00,45.9,realKnownCause/ec2_request_latency_system_failure.csv,False,
2014-03-15 09:11:00+00:00,44.206,realKnownCause/ec2_request_latency_system_failure.csv,False,
2014-03-15 09:16:00+00:00,46.362,realKnownCause/ec2_request_latency_system_failure.csv,False,
2014-03-15 09:21:00+00:00,44.276,realKnownCause/ec2_request_latency_system_failure.csv,False,
2014-03-15 09:26:00+00:00,42.19,realKnownCause/ec2_request_latency_system_failure.csv,False,
2014-03-15 09:31:00+00:00,44.108,realKnownCause/ec2_request_latency_system_failure.csv,False,
2014-03-15 09:36:00+00:00,44.712,realKnownCause/ec2_request_latency_system_failure.csv,False,
2014-03-15 09:41:00+00:00,45.326,realKnownCause/ec2_request_latency_system_failure.csv,False,
2014-03-15 09:46:00+00:00,45.12600000000001,realKnownCause/ec2_request_latency_system_failure.csv,False,
2014-03-15 09:51:00+00:00,45.0,realKnownCause/ec2_request_latency_system_failure.csv,False,
2014-03-15 09:56:00+00:00,44.16,realKnownCause/ec2_request_latency_system_failure.csv,False,
2014-03-15 10:01:00+00:00,44.484,realKnownCause/ec2_request_latency_system_failure.csv,False,
2014-03-15 10:06:00+00:00,44.624,realKnownCause/ec2_request_latency_system_failure.csv,False,
2014-03-15 10:11:00+00:00,43.944,realKnownCause/ec2_request_latency_system_failure.csv,False,
2014-03-15 10:16:00+00:00,43.944,realKnownCause/ec2_request_latency_system_failure.csv,False,
2014-03-15 10:21:00+00:00,47.558,realKnownCause/ec2_request_latency_system_failure.csv,False,
2014-03-15 10:26:00+00:00,41.292,realKnownCause/ec2_request_latency_system_failure.csv,False,
2014-03-15 10:31:00+00:00,44.13800000000001,realKnownCause/ec2_request_latency_system_failure.csv,False,
2014-03-15 10:36:00+00:00,44.368,realKnownCause/ec2_request_latency_system_failure.csv,False,
2014-03-15 10:41:00+00:00,44.236,realKnownCause/ec2_request_latency_system_failure.csv,False,
2014-03-15 10:46:00+00:00,44.46,realKnownCause/ec2_request_latency_system_failure.csv,False,
2014-03-15 10:51:00+00:00,46.362,realKnownCause/ec2_request_latency_system_failure.csv,False,
2014-03-15 10:56:00+00:00,46.596,realKnownCause/ec2_request_latency_system_failure.csv,False,
2014-03-15 11:01:00+00:00,42.864,realKnownCause/ec2_request_latency_system_failure.csv,False,
2014-03-15 11:06:00+00:00,42.84,realKnownCause/ec2_request_latency_system_failure.csv,False,
2014-03-15 11:11:00+00:00,45.70399999999999,realKnownCause/ec2_request_latency_system_failure.csv,False,
2014-03-15 11:16:00+00:00,44.756,realKnownCause/ec2_request_latency_system_failure.csv,False,
2014-03-15 11:21:00+00:00,44.426,realKnownCause/ec2_request_latency_system_failure.csv,False,
2014-03-15 11:26:00+00:00,46.032,realKnownCause/ec2_request_latency_system_failure.csv,False,
2014-03-15 11:31:00+00:00,42.418,realKnownCause/ec2_request_latency_system_failure.csv,False,
2014-03-15 11:36:00+00:00,46.198,realKnownCause/ec2_request_latency_system_failure.csv,False,
2014-03-15 11:41:00+00:00,44.132,realKnownCause/ec2_request_latency_system_failure.csv,False,
2014-03-15 11:46:00+00:00,46.878,realKnownCause/ec2_request_latency_system_failure.csv,False,
2014-03-15 11:51:00+00:00,41.854,realKnownCause/ec2_request_latency_system_failure.csv,False,
2014-03-15 11:56:00+00:00,47.746,realKnownCause/ec2_request_latency_system_failure.csv,False,
2014-03-15 12:01:00+00:00,42.558,realKnownCause/ec2_request_latency_system_failure.csv,False,
2014-03-15 12:06:00+00:00,44.43,realKnownCause/ec2_request_latency_system_failure.csv,False,
2014-03-15 12:11:00+00:00,47.034,realKnownCause/ec2_request_latency_system_failure.csv,False,
2014-03-15 12:16:00+00:00,41.478,realKnownCause/ec2_request_latency_system_failure.csv,False,
2014-03-15 12:21:00+00:00,43.896,realKnownCause/ec2_request_latency_system_failure.csv,False,
2014-03-15 12:26:00+00:00,45.962,realKnownCause/ec2_request_latency_system_failure.csv,False,
2014-03-15 12:31:00+00:00,45.106,realKnownCause/ec2_request_latency_system_failure.csv,False,
2014-03-15 12:36:00+00:00,41.66,realKnownCause/ec2_request_latency_system_failure.csv,False,
2014-03-15 12:41:00+00:00,44.226000000000006,realKnownCause/ec2_request_latency_system_failure.csv,False,
2014-03-15 12:46:00+00:00,45.306,realKnownCause/ec2_request_latency_system_failure.csv,False,
2014-03-15 12:51:00+00:00,44.12600000000001,realKnownCause/ec2_request_latency_system_failure.csv,False,
2014-03-15 12:56:00+00:00,44.236,realKnownCause/ec2_request_latency_system_failure.csv,False,
2014-03-15 13:01:00+00:00,44.29600000000001,realKnownCause/ec2_request_latency_system_failure.csv,False,
2014-03-15 13:06:00+00:00,44.29600000000001,realKnownCause/ec2_request_latency_system_failure.csv,False,
2014-03-15 13:11:00+00:00,45.70399999999999,realKnownCause/ec2_request_latency_system_failure.csv,False,
2014-03-15 13:16:00+00:00,46.878,realKnownCause/ec2_request_latency_system_failure.csv,False,
2014-03-15 13:21:00+00:00,44.824,realKnownCause/ec2_request_latency_system_failure.csv,False,
2014-03-15 13:26:00+00:00,40.962,realKnownCause/ec2_request_latency_system_failure.csv,False,
2014-03-15 13:31:00+00:00,44.24800000000001,realKnownCause/ec2_request_latency_system_failure.csv,False,
2014-03-15 13:36:00+00:00,44.74800000000001,realKnownCause/ec2_request_latency_system_failure.csv,False,
2014-03-15 13:41:00+00:00,45.212,realKnownCause/ec2_request_latency_system_failure.csv,False,
2014-03-15 13:46:00+00:00,42.538,realKnownCause/ec2_request_latency_system_failure.csv,False,
2014-03-15 13:51:00+00:00,46.12600000000001,realKnownCause/ec2_request_latency_system_failure.csv,False,
2014-03-15 13:56:00+00:00,45.104,realKnownCause/ec2_request_latency_system_failure.csv,False,
2014-03-15 14:01:00+00:00,42.864,realKnownCause/ec2_request_latency_system_failure.csv,False,
2014-03-15 14:06:00+00:00,46.362,realKnownCause/ec2_request_latency_system_failure.csv,False,
2014-03-15 14:11:00+00:00,44.108,realKnownCause/ec2_request_latency_system_failure.csv,False,
2014-03-15 14:16:00+00:00,44.694,realKnownCause/ec2_request_latency_system_failure.csv,False,
2014-03-15 14:21:00+00:00,44.35,realKnownCause/ec2_request_latency_system_failure.csv,False,
2014-03-15 14:26:00+00:00,42.666,realKnownCause/ec2_request_latency_system_failure.csv,False,
2014-03-15 14:31:00+00:00,45.752,realKnownCause/ec2_request_latency_system_failure.csv,False,
2014-03-15 14:36:00+00:00,43.004,realKnownCause/ec2_request_latency_system_failure.csv,False,
2014-03-15 14:41:00+00:00,44.238,realKnownCause/ec2_request_latency_system_failure.csv,False,
2014-03-15 14:46:00+00:00,44.38399999999999,realKnownCause/ec2_request_latency_system_failure.csv,False,
2014-03-15 14:51:00+00:00,44.29600000000001,realKnownCause/ec2_request_latency_system_failure.csv,False,
2014-03-15 14:56:00+00:00,50.892,realKnownCause/ec2_request_latency_system_failure.csv,False,
2014-03-15 15:01:00+00:00,39.654,realKnownCause/ec2_request_latency_system_failure.csv,False,
2014-03-15 15:06:00+00:00,44.46,realKnownCause/ec2_request_latency_system_failure.csv,False,
2014-03-15 15:11:00+00:00,47.49,realKnownCause/ec2_request_latency_system_failure.csv,False,
2014-03-15 15:16:00+00:00,43.12600000000001,realKnownCause/ec2_request_latency_system_failure.csv,False,
2014-03-15 15:21:00+00:00,44.014,realKnownCause/ec2_request_latency_system_failure.csv,False,
2014-03-15 15:26:00+00:00,45.916,realKnownCause/ec2_request_latency_system_failure.csv,False,
2014-03-15 15:31:00+00:00,40.962,realKnownCause/ec2_request_latency_system_failure.csv,False,
2014-03-15 15:36:00+00:00,44.95399999999999,realKnownCause/ec2_request_latency_system_failure.csv,False,
2014-03-15 15:41:00+00:00,48.06800000000001,realKnownCause/ec2_request_latency_system_failure.csv,False,
2014-03-15 15:46:00+00:00,41.612,realKnownCause/ec2_request_latency_system_failure.csv,False,
2014-03-15 15:51:00+00:00,45.798,realKnownCause/ec2_request_latency_system_failure.csv,False,
2014-03-15 15:56:00+00:00,44.772,realKnownCause/ec2_request_latency_system_failure.csv,False,
2014-03-15 16:01:00+00:00,46.032,realKnownCause/ec2_request_latency_system_failure.csv,False,
2014-03-15 16:06:00+00:00,42.816,realKnownCause/ec2_request_latency_system_failure.csv,False,
2014-03-15 16:11:00+00:00,45.658,realKnownCause/ec2_request_latency_system_failure.csv,False,
2014-03-15 16:16:00+00:00,44.508,realKnownCause/ec2_request_latency_system_failure.csv,False,
2014-03-15 16:21:00+00:00,44.096,realKnownCause/ec2_request_latency_system_failure.csv,False,
2014-03-15 16:26:00+00:00,49.86,realKnownCause/ec2_request_latency_system_failure.csv,False,
2014-03-15 16:31:00+00:00,38.314,realKnownCause/ec2_request_latency_system_failure.csv,False,
2014-03-15 16:36:00+00:00,44.178,realKnownCause/ec2_request_latency_system_failure.csv,False,
2014-03-15 16:41:00+00:00,43.91,realKnownCause/ec2_request_latency_system_failure.csv,False,
2014-03-15 16:46:00+00:00,44.776,realKnownCause/ec2_request_latency_system_failure.csv,False,
2014-03-15 16:51:00+00:00,45.56399999999999,realKnownCause/ec2_request_latency_system_failure.csv,False,
2014-03-15 16:56:00+00:00,48.518,realKnownCause/ec2_request_latency_system_failure.csv,False,
2014-03-15 17:01:00+00:00,42.65,realKnownCause/ec2_request_latency_system_failure.csv,False,
2014-03-15 17:06:00+00:00,45.752,realKnownCause/ec2_request_latency_system_failure.csv,False,
2014-03-15 17:11:00+00:00,49.76600000000001,realKnownCause/ec2_request_latency_system_failure.csv,False,
2014-03-15 17:16:00+00:00,48.122,realKnownCause/ec2_request_latency_system_failure.csv,False,
2014-03-15 17:21:00+00:00,40.51,realKnownCause/ec2_request_latency_system_failure.csv,False,
2014-03-15 17:26:00+00:00,46.87600000000001,realKnownCause/ec2_request_latency_system_failure.csv,False,
2014-03-15 17:31:00+00:00,42.558,realKnownCause/ec2_request_latency_system_failure.csv,False,
2014-03-15 17:36:00+00:00,44.742,realKnownCause/ec2_request_latency_system_failure.csv,False,
2014-03-15 17:41:00+00:00,48.262,realKnownCause/ec2_request_latency_system_failure.csv,False,
2014-03-15 17:46:00+00:00,41.55,realKnownCause/ec2_request_latency_system_failure.csv,False,
2014-03-15 17:51:00+00:00,44.36600000000001,realKnownCause/ec2_request_latency_system_failure.csv,False,
2014-03-15 17:56:00+00:00,48.19600000000001,realKnownCause/ec2_request_latency_system_failure.csv,False,
2014-03-15 18:01:00+00:00,45.986,realKnownCause/ec2_request_latency_system_failure.csv,False,
2014-03-15 18:06:00+00:00,42.934,realKnownCause/ec2_request_latency_system_failure.csv,False,
2014-03-15 18:11:00+00:00,47.23,realKnownCause/ec2_request_latency_system_failure.csv,False,
2014-03-15 18:16:00+00:00,44.484,realKnownCause/ec2_request_latency_system_failure.csv,False,
2014-03-15 18:21:00+00:00,45.328,realKnownCause/ec2_request_latency_system_failure.csv,False,
2014-03-15 18:26:00+00:00,44.86,realKnownCause/ec2_request_latency_system_failure.csv,False,
2014-03-15 18:31:00+00:00,42.3,realKnownCause/ec2_request_latency_system_failure.csv,False,
2014-03-15 18:36:00+00:00,44.676,realKnownCause/ec2_request_latency_system_failure.csv,False,
2014-03-15 18:41:00+00:00,45.822,realKnownCause/ec2_request_latency_system_failure.csv,False,
2014-03-15 18:46:00+00:00,45.234,realKnownCause/ec2_request_latency_system_failure.csv,False,
2014-03-15 18:51:00+00:00,46.036,realKnownCause/ec2_request_latency_system_failure.csv,False,
2014-03-15 18:56:00+00:00,45.51600000000001,realKnownCause/ec2_request_latency_system_failure.csv,False,
2014-03-15 19:01:00+00:00,42.982,realKnownCause/ec2_request_latency_system_failure.csv,False,
2014-03-15 19:06:00+00:00,43.968,realKnownCause/ec2_request_latency_system_failure.csv,False,
2014-03-15 19:11:00+00:00,45.822,realKnownCause/ec2_request_latency_system_failure.csv,False,
2014-03-15 19:16:00+00:00,44.694,realKnownCause/ec2_request_latency_system_failure.csv,False,
2014-03-15 19:21:00+00:00,44.108,realKnownCause/ec2_request_latency_system_failure.csv,False,
2014-03-15 19:26:00+00:00,45.916,realKnownCause/ec2_request_latency_system_failure.csv,False,
2014-03-15 19:31:00+00:00,43.596,realKnownCause/ec2_request_latency_system_failure.csv,False,
2014-03-15 19:36:00+00:00,43.544,realKnownCause/ec2_request_latency_system_failure.csv,False,
2014-03-15 19:41:00+00:00,47.136,realKnownCause/ec2_request_latency_system_failure.csv,False,
2014-03-15 19:46:00+00:00,43.052,realKnownCause/ec2_request_latency_system_failure.csv,False,
2014-03-15 19:51:00+00:00,44.648,realKnownCause/ec2_request_latency_system_failure.csv,False,
2014-03-15 19:56:00+00:00,47.934,realKnownCause/ec2_request_latency_system_failure.csv,False,
2014-03-15 20:01:00+00:00,42.51600000000001,realKnownCause/ec2_request_latency_system_failure.csv,False,
2014-03-15 20:06:00+00:00,45.774,realKnownCause/ec2_request_latency_system_failure.csv,False,
2014-03-15 20:11:00+00:00,44.24800000000001,realKnownCause/ec2_request_latency_system_failure.csv,False,
2014-03-15 20:16:00+00:00,44.29600000000001,realKnownCause/ec2_request_latency_system_failure.csv,False,
2014-03-15 20:21:00+00:00,44.976000000000006,realKnownCause/ec2_request_latency_system_failure.csv,False,
2014-03-15 20:26:00+00:00,49.272,realKnownCause/ec2_request_latency_system_failure.csv,False,
2014-03-15 20:31:00+00:00,39.542,realKnownCause/ec2_request_latency_system_failure.csv,False,
2014-03-15 20:36:00+00:00,44.084,realKnownCause/ec2_request_latency_system_failure.csv,False,
2014-03-15 20:41:00+00:00,45.63399999999999,realKnownCause/ec2_request_latency_system_failure.csv,False,
2014-03-15 20:46:00+00:00,42.982,realKnownCause/ec2_request_latency_system_failure.csv,False,
2014-03-15 20:51:00+00:00,44.06800000000001,realKnownCause/ec2_request_latency_system_failure.csv,False,
2014-03-15 20:56:00+00:00,48.262,realKnownCause/ec2_request_latency_system_failure.csv,False,
2014-03-15 21:01:00+00:00,42.324,realKnownCause/ec2_request_latency_system_failure.csv,False,
2014-03-15 21:06:00+00:00,44.214,realKnownCause/ec2_request_latency_system_failure.csv,False,
2014-03-15 21:11:00+00:00,48.756,realKnownCause/ec2_request_latency_system_failure.csv,False,
2014-03-15 21:16:00+00:00,41.83,realKnownCause/ec2_request_latency_system_failure.csv,False,
2014-03-15 21:21:00+00:00,45.412,realKnownCause/ec2_request_latency_system_failure.csv,False,
2014-03-15 21:26:00+00:00,44.646,realKnownCause/ec2_request_latency_system_failure.csv,False,
2014-03-15 21:31:00+00:00,42.488,realKnownCause/ec2_request_latency_system_failure.csv,False,
2014-03-15 21:36:00+00:00,44.644,realKnownCause/ec2_request_latency_system_failure.csv,False,
2014-03-15 21:41:00+00:00,45.422,realKnownCause/ec2_request_latency_system_failure.csv,False,
2014-03-15 21:46:00+00:00,44.24800000000001,realKnownCause/ec2_request_latency_system_failure.csv,False,
2014-03-15 21:51:00+00:00,45.8,realKnownCause/ec2_request_latency_system_failure.csv,False,
2014-03-15 21:56:00+00:00,49.672,realKnownCause/ec2_request_latency_system_failure.csv,False,
2014-03-15 22:01:00+00:00,43.606,realKnownCause/ec2_request_latency_system_failure.csv,False,
2014-03-15 22:06:00+00:00,41.934,realKnownCause/ec2_request_latency_system_failure.csv,False,
2014-03-15 22:11:00+00:00,45.718,realKnownCause/ec2_request_latency_system_failure.csv,False,
2014-03-15 22:16:00+00:00,44.792,realKnownCause/ec2_request_latency_system_failure.csv,False,
2014-03-15 22:21:00+00:00,44.53,realKnownCause/ec2_request_latency_system_failure.csv,False,
2014-03-15 22:26:00+00:00,45.87600000000001,realKnownCause/ec2_request_latency_system_failure.csv,False,
2014-03-15 22:31:00+00:00,42.536,realKnownCause/ec2_request_latency_system_failure.csv,False,
2014-03-15 22:36:00+00:00,44.202,realKnownCause/ec2_request_latency_system_failure.csv,False,
2014-03-15 22:41:00+00:00,45.56399999999999,realKnownCause/ec2_request_latency_system_failure.csv,False,
2014-03-15 22:46:00+00:00,45.024,realKnownCause/ec2_request_latency_system_failure.csv,False,
2014-03-15 22:51:00+00:00,42.136,realKnownCause/ec2_request_latency_system_failure.csv,False,
2014-03-15 22:56:00+00:00,45.868,realKnownCause/ec2_request_latency_system_failure.csv,False,
2014-03-15 23:01:00+00:00,46.15,realKnownCause/ec2_request_latency_system_failure.csv,False,
2014-03-15 23:06:00+00:00,40.838,realKnownCause/ec2_request_latency_system_failure.csv,False,
2014-03-15 23:11:00+00:00,45.892,realKnownCause/ec2_request_latency_system_failure.csv,False,
2014-03-15 23:16:00+00:00,44.29600000000001,realKnownCause/ec2_request_latency_system_failure.csv,False,
2014-03-15 23:21:00+00:00,45.422,realKnownCause/ec2_request_latency_system_failure.csv,False,
2014-03-15 23:26:00+00:00,42.864,realKnownCause/ec2_request_latency_system_failure.csv,False,
2014-03-15 23:31:00+00:00,48.532,realKnownCause/ec2_request_latency_system_failure.csv,False,
2014-03-15 23:36:00+00:00,40.54,realKnownCause/ec2_request_latency_system_failure.csv,False,
2014-03-15 23:41:00+00:00,45.58600000000001,realKnownCause/ec2_request_latency_system_failure.csv,False,
2014-03-15 23:46:00+00:00,44.414,realKnownCause/ec2_request_latency_system_failure.csv,False,
2014-03-15 23:51:00+00:00,44.32,realKnownCause/ec2_request_latency_system_failure.csv,False,
2014-03-15 23:56:00+00:00,46.056,realKnownCause/ec2_request_latency_system_failure.csv,False,
2014-03-16 00:01:00+00:00,47.652,realKnownCause/ec2_request_latency_system_failure.csv,False,
2014-03-16 00:06:00+00:00,41.244,realKnownCause/ec2_request_latency_system_failure.csv,False,
2014-03-16 00:11:00+00:00,46.01,realKnownCause/ec2_request_latency_system_failure.csv,False,
2014-03-16 00:16:00+00:00,47.324,realKnownCause/ec2_request_latency_system_failure.csv,False,
2014-03-16 00:21:00+00:00,41.598,realKnownCause/ec2_request_latency_system_failure.csv,False,
2014-03-16 00:26:00+00:00,44.178,realKnownCause/ec2_request_latency_system_failure.csv,False,
2014-03-16 00:31:00+00:00,44.29600000000001,realKnownCause/ec2_request_latency_system_failure.csv,False,
2014-03-16 00:36:00+00:00,45.916,realKnownCause/ec2_request_latency_system_failure.csv,False,
2014-03-16 00:41:00+00:00,43.61600000000001,realKnownCause/ec2_request_latency_system_failure.csv,False,
2014-03-16 00:46:00+00:00,42.892,realKnownCause/ec2_request_latency_system_failure.csv,False,
2014-03-16 00:51:00+00:00,44.132,realKnownCause/ec2_request_latency_system_failure.csv,False,
2014-03-16 00:56:00+00:00,46.104,realKnownCause/ec2_request_latency_system_failure.csv,False,
2014-03-16 01:01:00+00:00,47.23,realKnownCause/ec2_request_latency_system_failure.csv,False,
2014-03-16 01:06:00+00:00,43.356,realKnownCause/ec2_request_latency_system_failure.csv,False,
2014-03-16 01:11:00+00:00,45.962,realKnownCause/ec2_request_latency_system_failure.csv,False,
2014-03-16 01:16:00+00:00,46.502,realKnownCause/ec2_request_latency_system_failure.csv,False,
2014-03-16 01:21:00+00:00,42.23,realKnownCause/ec2_request_latency_system_failure.csv,False,
2014-03-16 01:26:00+00:00,44.76600000000001,realKnownCause/ec2_request_latency_system_failure.csv,False,
2014-03-16 01:31:00+00:00,46.032,realKnownCause/ec2_request_latency_system_failure.csv,False,
2014-03-16 01:36:00+00:00,45.37600000000001,realKnownCause/ec2_request_latency_system_failure.csv,False,
2014-03-16 01:41:00+00:00,47.348,realKnownCause/ec2_request_latency_system_failure.csv,False,
2014-03-16 01:46:00+00:00,45.118,realKnownCause/ec2_request_latency_system_failure.csv,False,
2014-03-16 01:51:00+00:00,43.592,realKnownCause/ec2_request_latency_system_failure.csv,False,
2014-03-16 01:56:00+00:00,44.93,realKnownCause/ec2_request_latency_system_failure.csv,False,
2014-03-16 02:01:00+00:00,44.86,realKnownCause/ec2_request_latency_system_failure.csv,False,
2014-03-16 02:06:00+00:00,44.85,realKnownCause/ec2_request_latency_system_failure.csv,False,
2014-03-16 02:11:00+00:00,48.608,realKnownCause/ec2_request_latency_system_failure.csv,False,
2014-03-16 02:16:00+00:00,42.442,realKnownCause/ec2_request_latency_system_failure.csv,False,
2014-03-16 02:21:00+00:00,44.322,realKnownCause/ec2_request_latency_system_failure.csv,False,
2014-03-16 02:26:00+00:00,45.976000000000006,realKnownCause/ec2_request_latency_system_failure.csv,False,
2014-03-16 02:31:00+00:00,46.804,realKnownCause/ec2_request_latency_system_failure.csv,False,
2014-03-16 02:36:00+00:00,41.666,realKnownCause/ec2_request_latency_system_failure.csv,False,
2014-03-16 02:41:00+00:00,44.882,realKnownCause/ec2_request_latency_system_failure.csv,False,
2014-03-16 02:46:00+00:00,46.924,realKnownCause/ec2_request_latency_system_failure.csv,False,
2014-03-16 02:51:00+00:00,44.416,realKnownCause/ec2_request_latency_system_failure.csv,False,
2014-03-16 02:56:00+00:00,47.84,realKnownCause/ec2_request_latency_system_failure.csv,False,
2014-03-16 03:01:00+00:00,47.15,realKnownCause/ec2_request_latency_system_failure.csv,False,
2014-03-16 03:06:00+00:00,43.754,realKnownCause/ec2_request_latency_system_failure.csv,False,
2014-03-16 03:11:00+00:00,46.644,realKnownCause/ec2_request_latency_system_failure.csv,False,
2014-03-16 03:16:00+00:00,46.478,realKnownCause/ec2_request_latency_system_failure.csv,False,
2014-03-16 03:21:00+00:00,44.89,realKnownCause/ec2_request_latency_system_failure.csv,False,
2014-03-16 03:26:00+00:00,41.666,realKnownCause/ec2_request_latency_system_failure.csv,False,
2014-03-16 03:31:00+00:00,44.062,realKnownCause/ec2_request_latency_system_failure.csv,False,
2014-03-16 03:36:00+00:00,46.478,realKnownCause/ec2_request_latency_system_failure.csv,False,
2014-03-16 03:41:00+00:00,46.362,realKnownCause/ec2_request_latency_system_failure.csv,False,
2014-03-16 03:46:00+00:00,46.198,realKnownCause/ec2_request_latency_system_failure.csv,False,
2014-03-16 03:51:00+00:00,42.9,realKnownCause/ec2_request_latency_system_failure.csv,False,
2014-03-16 03:56:00+00:00,46.702,realKnownCause/ec2_request_latency_system_failure.csv,False,
2014-03-16 04:01:00+00:00,44.578,realKnownCause/ec2_request_latency_system_failure.csv,False,
2014-03-16 04:06:00+00:00,47.29,realKnownCause/ec2_request_latency_system_failure.csv,False,
2014-03-16 04:11:00+00:00,44.396,realKnownCause/ec2_request_latency_system_failure.csv,False,
2014-03-16 04:16:00+00:00,43.028,realKnownCause/ec2_request_latency_system_failure.csv,False,
2014-03-16 04:21:00+00:00,46.502,realKnownCause/ec2_request_latency_system_failure.csv,False,
2014-03-16 04:26:00+00:00,42.724,realKnownCause/ec2_request_latency_system_failure.csv,False,
2014-03-16 04:31:00+00:00,44.414,realKnownCause/ec2_request_latency_system_failure.csv,False,
2014-03-16 04:36:00+00:00,44.484,realKnownCause/ec2_request_latency_system_failure.csv,False,
2014-03-16 04:41:00+00:00,44.83600000000001,realKnownCause/ec2_request_latency_system_failure.csv,False,
2014-03-16 04:46:00+00:00,44.43600000000001,realKnownCause/ec2_request_latency_system_failure.csv,False,
2014-03-16 04:51:00+00:00,48.226000000000006,realKnownCause/ec2_request_latency_system_failure.csv,False,
2014-03-16 04:56:00+00:00,45.024,realKnownCause/ec2_request_latency_system_failure.csv,False,
2014-03-16 05:01:00+00:00,42.88800000000001,realKnownCause/ec2_request_latency_system_failure.csv,False,
2014-03-16 05:06:00+00:00,44.83600000000001,realKnownCause/ec2_request_latency_system_failure.csv,False,
2014-03-16 05:11:00+00:00,45.916,realKnownCause/ec2_request_latency_system_failure.csv,False,
2014-03-16 05:16:00+00:00,44.688,realKnownCause/ec2_request_latency_system_failure.csv,False,
2014-03-16 05:21:00+00:00,44.29600000000001,realKnownCause/ec2_request_latency_system_failure.csv,False,
2014-03-16 05:26:00+00:00,46.174,realKnownCause/ec2_request_latency_system_failure.csv,False,
2014-03-16 05:31:00+00:00,43.758,realKnownCause/ec2_request_latency_system_failure.csv,False,
2014-03-16 05:36:00+00:00,43.968,realKnownCause/ec2_request_latency_system_failure.csv,False,
2014-03-16 05:41:00+00:00,48.17,realKnownCause/ec2_request_latency_system_failure.csv,False,
2014-03-16 05:46:00+00:00,41.576,realKnownCause/ec2_request_latency_system_failure.csv,False,
2014-03-16 05:51:00+00:00,44.672,realKnownCause/ec2_request_latency_system_failure.csv,False,
2014-03-16 05:56:00+00:00,48.028,realKnownCause/ec2_request_latency_system_failure.csv,False,
2014-03-16 06:01:00+00:00,42.772,realKnownCause/ec2_request_latency_system_failure.csv,False,
2014-03-16 06:06:00+00:00,45.774,realKnownCause/ec2_request_latency_system_failure.csv,False,
2014-03-16 06:11:00+00:00,44.43600000000001,realKnownCause/ec2_request_latency_system_failure.csv,False,
2014-03-16 06:16:00+00:00,44.092,realKnownCause/ec2_request_latency_system_failure.csv,False,
2014-03-16 06:21:00+00:00,44.29600000000001,realKnownCause/ec2_request_latency_system_failure.csv,False,
2014-03-16 06:26:00+00:00,46.572,realKnownCause/ec2_request_latency_system_failure.csv,False,
2014-03-16 06:31:00+00:00,43.72,realKnownCause/ec2_request_latency_system_failure.csv,False,
2014-03-16 06:36:00+00:00,42.394,realKnownCause/ec2_request_latency_system_failure.csv,False,
2014-03-16 06:41:00+00:00,44.178,realKnownCause/ec2_request_latency_system_failure.csv,False,
2014-03-16 06:46:00+00:00,45.74,realKnownCause/ec2_request_latency_system_failure.csv,False,
2014-03-16 06:51:00+00:00,43.076,realKnownCause/ec2_request_latency_system_failure.csv,False,
2014-03-16 06:56:00+00:00,46.268,realKnownCause/ec2_request_latency_system_failure.csv,False,
2014-03-16 07:01:00+00:00,46.08600000000001,realKnownCause/ec2_request_latency_system_failure.csv,False,
2014-03-16 07:06:00+00:00,42.582,realKnownCause/ec2_request_latency_system_failure.csv,False,
2014-03-16 07:11:00+00:00,45.892,realKnownCause/ec2_request_latency_system_failure.csv,False,
2014-03-16 07:16:00+00:00,45.164,realKnownCause/ec2_request_latency_system_failure.csv,False,
2014-03-16 07:21:00+00:00,43.592,realKnownCause/ec2_request_latency_system_failure.csv,False,
2014-03-16 07:26:00+00:00,45.51600000000001,realKnownCause/ec2_request_latency_system_failure.csv,False,
2014-03-16 07:31:00+00:00,44.912,realKnownCause/ec2_request_latency_system_failure.csv,False,
2014-03-16 07:36:00+00:00,43.228,realKnownCause/ec2_request_latency_system_failure.csv,False,
2014-03-16 07:41:00+00:00,45.188,realKnownCause/ec2_request_latency_system_failure.csv,False,
2014-03-16 07:46:00+00:00,44.098,realKnownCause/ec2_request_latency_system_failure.csv,False,
2014-03-16 07:51:00+00:00,44.624,realKnownCause/ec2_request_latency_system_failure.csv,False,
2014-03-16 07:56:00+00:00,46.15,realKnownCause/ec2_request_latency_system_failure.csv,False,
2014-03-16 08:01:00+00:00,47.23,realKnownCause/ec2_request_latency_system_failure.csv,False,
2014-03-16 08:06:00+00:00,42.16,realKnownCause/ec2_request_latency_system_failure.csv,False,
2014-03-16 08:11:00+00:00,44.142,realKnownCause/ec2_request_latency_system_failure.csv,False,
2014-03-16 08:16:00+00:00,43.8,realKnownCause/ec2_request_latency_system_failure.csv,False,
2014-03-16 08:21:00+00:00,44.31800000000001,realKnownCause/ec2_request_latency_system_failure.csv,False,
2014-03-16 08:26:00+00:00,44.29600000000001,realKnownCause/ec2_request_latency_system_failure.csv,False,
2014-03-16 08:31:00+00:00,44.132,realKnownCause/ec2_request_latency_system_failure.csv,False,
2014-03-16 08:36:00+00:00,45.758,realKnownCause/ec2_request_latency_system_failure.csv,False,
2014-03-16 08:41:00+00:00,44.672,realKnownCause/ec2_request_latency_system_failure.csv,False,
2014-03-16 08:46:00+00:00,42.418,realKnownCause/ec2_request_latency_system_failure.csv,False,
2014-03-16 08:51:00+00:00,44.95,realKnownCause/ec2_request_latency_system_failure.csv,False,
2014-03-16 08:56:00+00:00,44.976000000000006,realKnownCause/ec2_request_latency_system_failure.csv,False,
2014-03-16 09:01:00+00:00,44.226000000000006,realKnownCause/ec2_request_latency_system_failure.csv,False,
2014-03-16 09:06:00+00:00,44.202,realKnownCause/ec2_request_latency_system_failure.csv,False,
2014-03-16 09:11:00+00:00,48.83,realKnownCause/ec2_request_latency_system_failure.csv,False,
2014-03-16 09:16:00+00:00,39.93,realKnownCause/ec2_request_latency_system_failure.csv,False,
2014-03-16 09:21:00+00:00,44.448,realKnownCause/ec2_request_latency_system_failure.csv,False,
2014-03-16 09:26:00+00:00,44.494,realKnownCause/ec2_request_latency_system_failure.csv,False,
2014-03-16 09:31:00+00:00,44.726000000000006,realKnownCause/ec2_request_latency_system_failure.csv,False,
2014-03-16 09:36:00+00:00,46.572,realKnownCause/ec2_request_latency_system_failure.csv,False,
2014-03-16 09:41:00+00:00,47.008,realKnownCause/ec2_request_latency_system_failure.csv,False,
2014-03-16 09:46:00+00:00,43.058,realKnownCause/ec2_request_latency_system_failure.csv,False,
2014-03-16 09:51:00+00:00,43.192,realKnownCause/ec2_request_latency_system_failure.csv,False,
2014-03-16 09:56:00+00:00,45.916,realKnownCause/ec2_request_latency_system_failure.csv,False,
2014-03-16 10:01:00+00:00,44.26600000000001,realKnownCause/ec2_request_latency_system_failure.csv,False,
2014-03-16 10:06:00+00:00,44.226000000000006,realKnownCause/ec2_request_latency_system_failure.csv,False,
2014-03-16 10:11:00+00:00,47.84,realKnownCause/ec2_request_latency_system_failure.csv,False,
2014-03-16 10:16:00+00:00,42.442,realKnownCause/ec2_request_latency_system_failure.csv,False,
2014-03-16 10:21:00+00:00,45.33,realKnownCause/ec2_request_latency_system_failure.csv,False,
2014-03-16 10:26:00+00:00,45.024,realKnownCause/ec2_request_latency_system_failure.csv,False,
2014-03-16 10:31:00+00:00,42.09,realKnownCause/ec2_request_latency_system_failure.csv,False,
2014-03-16 10:36:00+00:00,44.178,realKnownCause/ec2_request_latency_system_failure.csv,False,
2014-03-16 10:41:00+00:00,46.304,realKnownCause/ec2_request_latency_system_failure.csv,False,
2014-03-16 10:46:00+00:00,42.536,realKnownCause/ec2_request_latency_system_failure.csv,False,
2014-03-16 10:51:00+00:00,44.132,realKnownCause/ec2_request_latency_system_failure.csv,False,
2014-03-16 10:56:00+00:00,46.848,realKnownCause/ec2_request_latency_system_failure.csv,False,
2014-03-16 11:01:00+00:00,43.176,realKnownCause/ec2_request_latency_system_failure.csv,False,
2014-03-16 11:06:00+00:00,44.6,realKnownCause/ec2_request_latency_system_failure.csv,False,
2014-03-16 11:11:00+00:00,48.592,realKnownCause/ec2_request_latency_system_failure.csv,False,
2014-03-16 11:16:00+00:00,43.85,realKnownCause/ec2_request_latency_system_failure.csv,False,
2014-03-16 11:21:00+00:00,42.724,realKnownCause/ec2_request_latency_system_failure.csv,False,
2014-03-16 11:26:00+00:00,44.252,realKnownCause/ec2_request_latency_system_failure.csv,False,
2014-03-16 11:31:00+00:00,45.47,realKnownCause/ec2_request_latency_system_failure.csv,False,
2014-03-16 11:36:00+00:00,42.178,realKnownCause/ec2_request_latency_system_failure.csv,False,
2014-03-16 11:41:00+00:00,45.892,realKnownCause/ec2_request_latency_system_failure.csv,False,
2014-03-16 11:46:00+00:00,46.104,realKnownCause/ec2_request_latency_system_failure.csv,False,
2014-03-16 11:51:00+00:00,41.38399999999999,realKnownCause/ec2_request_latency_system_failure.csv,False,
2014-03-16 11:56:00+00:00,45.798,realKnownCause/ec2_request_latency_system_failure.csv,False,
2014-03-16 12:01:00+00:00,45.938,realKnownCause/ec2_request_latency_system_failure.csv,False,
2014-03-16 12:06:00+00:00,40.564,realKnownCause/ec2_request_latency_system_failure.csv,False,
2014-03-16 12:11:00+00:00,46.862,realKnownCause/ec2_request_latency_system_failure.csv,False,
2014-03-16 12:16:00+00:00,44.788,realKnownCause/ec2_request_latency_system_failure.csv,False,
2014-03-16 12:21:00+00:00,42.596,realKnownCause/ec2_request_latency_system_failure.csv,False,
2014-03-16 12:26:00+00:00,44.5,realKnownCause/ec2_request_latency_system_failure.csv,False,
2014-03-16 12:31:00+00:00,44.132,realKnownCause/ec2_request_latency_system_failure.csv,False,
2014-03-16 12:36:00+00:00,44.32,realKnownCause/ec2_request_latency_system_failure.csv,False,
2014-03-16 12:41:00+00:00,44.262,realKnownCause/ec2_request_latency_system_failure.csv,False,
2014-03-16 12:46:00+00:00,50.71,realKnownCause/ec2_request_latency_system_failure.csv,False,
2014-03-16 12:51:00+00:00,38.334,realKnownCause/ec2_request_latency_system_failure.csv,False,
2014-03-16 12:56:00+00:00,45.826,realKnownCause/ec2_request_latency_system_failure.csv,False,
2014-03-16 13:06:00+00:00,41.54600000000001,realKnownCause/ec2_request_latency_system_failure.csv,False,
2014-03-16 13:11:00+00:00,47.404,realKnownCause/ec2_request_latency_system_failure.csv,False,
2014-03-16 13:16:00+00:00,44.962,realKnownCause/ec2_request_latency_system_failure.csv,False,
2014-03-16 13:21:00+00:00,47.076,realKnownCause/ec2_request_latency_system_failure.csv,False,
2014-03-16 13:26:00+00:00,43.174,realKnownCause/ec2_request_latency_system_failure.csv,False,
2014-03-16 13:31:00+00:00,46.38800000000001,realKnownCause/ec2_request_latency_system_failure.csv,False,
2014-03-16 13:36:00+00:00,45.01600000000001,realKnownCause/ec2_request_latency_system_failure.csv,False,
2014-03-16 13:41:00+00:00,48.968,realKnownCause/ec2_request_latency_system_failure.csv,False,
2014-03-16 13:46:00+00:00,43.646,realKnownCause/ec2_request_latency_system_failure.csv,False,
2014-03-16 13:51:00+00:00,46.066,realKnownCause/ec2_request_latency_system_failure.csv,False,
2014-03-16 13:56:00+00:00,49.676,realKnownCause/ec2_request_latency_system_failure.csv,False,
2014-03-16 14:01:00+00:00,43.56800000000001,realKnownCause/ec2_request_latency_system_failure.csv,False,
2014-03-16 14:06:00+00:00,46.972,realKnownCause/ec2_request_latency_system_failure.csv,False,
2014-03-16 14:11:00+00:00,45.63399999999999,realKnownCause/ec2_request_latency_system_failure.csv,False,
2014-03-16 14:16:00+00:00,45.58,realKnownCause/ec2_request_latency_system_failure.csv,False,
2014-03-16 14:21:00+00:00,45.258,realKnownCause/ec2_request_latency_system_failure.csv,False,
2014-03-16 14:26:00+00:00,49.94,realKnownCause/ec2_request_latency_system_failure.csv,False,
2014-03-16 14:31:00+00:00,40.962,realKnownCause/ec2_request_latency_system_failure.csv,False,
2014-03-16 14:36:00+00:00,44.95399999999999,realKnownCause/ec2_request_latency_system_failure.csv,False,
2014-03-16 14:41:00+00:00,43.816,realKnownCause/ec2_request_latency_system_failure.csv,False,
2014-03-16 14:46:00+00:00,45.86600000000001,realKnownCause/ec2_request_latency_system_failure.csv,False,
2014-03-16 14:51:00+00:00,45.324,realKnownCause/ec2_request_latency_system_failure.csv,False,
2014-03-16 14:56:00+00:00,49.578,realKnownCause/ec2_request_latency_system_failure.csv,False,
2014-03-16 15:01:00+00:00,43.512,realKnownCause/ec2_request_latency_system_failure.csv,False,
2014-03-16 15:06:00+00:00,43.96,realKnownCause/ec2_request_latency_system_failure.csv,False,
2014-03-16 15:11:00+00:00,48.356,realKnownCause/ec2_request_latency_system_failure.csv,False,
2014-03-16 15:16:00+00:00,46.594,realKnownCause/ec2_request_latency_system_failure.csv,False,
2014-03-16 15:21:00+00:00,43.04,realKnownCause/ec2_request_latency_system_failure.csv,False,
2014-03-16 15:26:00+00:00,45.38399999999999,realKnownCause/ec2_request_latency_system_failure.csv,False,
2014-03-16 15:31:00+00:00,47.042,realKnownCause/ec2_request_latency_system_failure.csv,False,
2014-03-16 15:36:00+00:00,44.29600000000001,realKnownCause/ec2_request_latency_system_failure.csv,False,
2014-03-16 15:41:00+00:00,46.924,realKnownCause/ec2_request_latency_system_failure.csv,False,
2014-03-16 15:46:00+00:00,46.808,realKnownCause/ec2_request_latency_system_failure.csv,False,
2014-03-16 15:51:00+00:00,44.11600000000001,realKnownCause/ec2_request_latency_system_failure.csv,False,
2014-03-16 15:56:00+00:00,49.272,realKnownCause/ec2_request_latency_system_failure.csv,False,
2014-03-16 16:01:00+00:00,43.75,realKnownCause/ec2_request_latency_system_failure.csv,False,
2014-03-16 16:06:00+00:00,48.014,realKnownCause/ec2_request_latency_system_failure.csv,False,
2014-03-16 16:11:00+00:00,44.378,realKnownCause/ec2_request_latency_system_failure.csv,False,
2014-03-16 16:16:00+00:00,45.54,realKnownCause/ec2_request_latency_system_failure.csv,False,
2014-03-16 16:21:00+00:00,48.78,realKnownCause/ec2_request_latency_system_failure.csv,False,
2014-03-16 16:26:00+00:00,42.464,realKnownCause/ec2_request_latency_system_failure.csv,False,
2014-03-16 16:31:00+00:00,45.234,realKnownCause/ec2_request_latency_system_failure.csv,False,
2014-03-16 16:36:00+00:00,43.908,realKnownCause/ec2_request_latency_system_failure.csv,False,
2014-03-16 16:41:00+00:00,45.624,realKnownCause/ec2_request_latency_system_failure.csv,False,
2014-03-16 16:46:00+00:00,45.352,realKnownCause/ec2_request_latency_system_failure.csv,False,
2014-03-16 16:51:00+00:00,48.122,realKnownCause/ec2_request_latency_system_failure.csv,False,
2014-03-16 16:56:00+00:00,46.292,realKnownCause/ec2_request_latency_system_failure.csv,False,
2014-03-16 17:01:00+00:00,44.684,realKnownCause/ec2_request_latency_system_failure.csv,False,
2014-03-16 17:06:00+00:00,44.694,realKnownCause/ec2_request_latency_system_failure.csv,False,
2014-03-16 17:11:00+00:00,46.798,realKnownCause/ec2_request_latency_system_failure.csv,False,
2014-03-16 17:16:00+00:00,45.51,realKnownCause/ec2_request_latency_system_failure.csv,False,
2014-03-16 17:21:00+00:00,45.56399999999999,realKnownCause/ec2_request_latency_system_failure.csv,False,
2014-03-16 17:26:00+00:00,47.176,realKnownCause/ec2_request_latency_system_failure.csv,False,
2014-03-16 17:31:00+00:00,43.286,realKnownCause/ec2_request_latency_system_failure.csv,False,
2014-03-16 17:36:00+00:00,49.282,realKnownCause/ec2_request_latency_system_failure.csv,False,
2014-03-16 17:41:00+00:00,46.202,realKnownCause/ec2_request_latency_system_failure.csv,False,
2014-03-16 17:46:00+00:00,44.604,realKnownCause/ec2_request_latency_system_failure.csv,False,
2014-03-16 17:51:00+00:00,45.70399999999999,realKnownCause/ec2_request_latency_system_failure.csv,False,
2014-03-16 17:56:00+00:00,49.624,realKnownCause/ec2_request_latency_system_failure.csv,False,
2014-03-16 18:01:00+00:00,43.968,realKnownCause/ec2_request_latency_system_failure.csv,False,
2014-03-16 18:06:00+00:00,45.916,realKnownCause/ec2_request_latency_system_failure.csv,False,
2014-03-16 18:11:00+00:00,47.3,realKnownCause/ec2_request_latency_system_failure.csv,False,
2014-03-16 18:16:00+00:00,45.274,realKnownCause/ec2_request_latency_system_failure.csv,False,
2014-03-16 18:21:00+00:00,46.76,realKnownCause/ec2_request_latency_system_failure.csv,False,
2014-03-16 18:26:00+00:00,49.062,realKnownCause/ec2_request_latency_system_failure.csv,False,
2014-03-16 18:31:00+00:00,40.846,realKnownCause/ec2_request_latency_system_failure.csv,False,
2014-03-16 18:36:00+00:00,45.658,realKnownCause/ec2_request_latency_system_failure.csv,False,
2014-03-16 18:41:00+00:00,45.68,realKnownCause/ec2_request_latency_system_failure.csv,False,
2014-03-16 18:46:00+00:00,46.432,realKnownCause/ec2_request_latency_system_failure.csv,False,
2014-03-16 18:51:00+00:00,46.478,realKnownCause/ec2_request_latency_system_failure.csv,False,
2014-03-16 18:56:00+00:00,51.026,realKnownCause/ec2_request_latency_system_failure.csv,False,
2014-03-16 19:01:00+00:00,42.5,realKnownCause/ec2_request_latency_system_failure.csv,False,
2014-03-16 19:06:00+00:00,46.574,realKnownCause/ec2_request_latency_system_failure.csv,False,
2014-03-16 19:11:00+00:00,50.14,realKnownCause/ec2_request_latency_system_failure.csv,False,
2014-03-16 19:16:00+00:00,43.052,realKnownCause/ec2_request_latency_system_failure.csv,False,
2014-03-16 19:21:00+00:00,45.56399999999999,realKnownCause/ec2_request_latency_system_failure.csv,False,
2014-03-16 19:26:00+00:00,47.488,realKnownCause/ec2_request_latency_system_failure.csv,False,
2014-03-16 19:31:00+00:00,46.88399999999999,realKnownCause/ec2_request_latency_system_failure.csv,False,
2014-03-16 19:36:00+00:00,45.282,realKnownCause/ec2_request_latency_system_failure.csv,False,
2014-03-16 19:41:00+00:00,47.042,realKnownCause/ec2_request_latency_system_failure.csv,False,
2014-03-16 19:46:00+00:00,45.68,realKnownCause/ec2_request_latency_system_failure.csv,False,
2014-03-16 19:51:00+00:00,45.774,realKnownCause/ec2_request_latency_system_failure.csv,False,
2014-03-16 19:56:00+00:00,51.822,realKnownCause/ec2_request_latency_system_failure.csv,False,
2014-03-16 20:01:00+00:00,43.98,realKnownCause/ec2_request_latency_system_failure.csv,False,
2014-03-16 20:06:00+00:00,47.16,realKnownCause/ec2_request_latency_system_failure.csv,False,
2014-03-16 20:11:00+00:00,46.174,realKnownCause/ec2_request_latency_system_failure.csv,False,
2014-03-16 20:16:00+00:00,45.678,realKnownCause/ec2_request_latency_system_failure.csv,False,
2014-03-16 20:21:00+00:00,45.258,realKnownCause/ec2_request_latency_system_failure.csv,False,
2014-03-16 20:26:00+00:00,47.488,realKnownCause/ec2_request_latency_system_failure.csv,False,
2014-03-16 20:31:00+00:00,43.56399999999999,realKnownCause/ec2_request_latency_system_failure.csv,False,
2014-03-16 20:36:00+00:00,45.756,realKnownCause/ec2_request_latency_system_failure.csv,False,
2014-03-16 20:41:00+00:00,49.32,realKnownCause/ec2_request_latency_system_failure.csv,False,
2014-03-16 20:46:00+00:00,41.808,realKnownCause/ec2_request_latency_system_failure.csv,False,
2014-03-16 20:51:00+00:00,45.668,realKnownCause/ec2_request_latency_system_failure.csv,False,
2014-03-16 20:56:00+00:00,49.526,realKnownCause/ec2_request_latency_system_failure.csv,False,
2014-03-16 21:01:00+00:00,44.208,realKnownCause/ec2_request_latency_system_failure.csv,False,
2014-03-16 21:06:00+00:00,46.056,realKnownCause/ec2_request_latency_system_failure.csv,False,
2014-03-16 21:11:00+00:00,47.324,realKnownCause/ec2_request_latency_system_failure.csv,False,
2014-03-16 21:16:00+00:00,47.324,realKnownCause/ec2_request_latency_system_failure.csv,False,
2014-03-16 21:21:00+00:00,44.53,realKnownCause/ec2_request_latency_system_failure.csv,False,
2014-03-16 21:26:00+00:00,45.54,realKnownCause/ec2_request_latency_system_failure.csv,False,
2014-03-16 21:31:00+00:00,48.592,realKnownCause/ec2_request_latency_system_failure.csv,False,
2014-03-16 21:36:00+00:00,43.48,realKnownCause/ec2_request_latency_system_failure.csv,False,
2014-03-16 21:41:00+00:00,45.822,realKnownCause/ec2_request_latency_system_failure.csv,False,
2014-03-16 21:46:00+00:00,45.822,realKnownCause/ec2_request_latency_system_failure.csv,False,
2014-03-16 21:51:00+00:00,47.536,realKnownCause/ec2_request_latency_system_failure.csv,False,
2014-03-16 21:56:00+00:00,46.596,realKnownCause/ec2_request_latency_system_failure.csv,False,
2014-03-16 22:01:00+00:00,47.982,realKnownCause/ec2_request_latency_system_failure.csv,False,
2014-03-16 22:06:00+00:00,42.798,realKnownCause/ec2_request_latency_system_failure.csv,False,
2014-03-16 22:11:00+00:00,47.63,realKnownCause/ec2_request_latency_system_failure.csv,False,
2014-03-16 22:16:00+00:00,48.286,realKnownCause/ec2_request_latency_system_failure.csv,False,
2014-03-16 22:21:00+00:00,43.008,realKnownCause/ec2_request_latency_system_failure.csv,False,
2014-03-16 22:26:00+00:00,47.066,realKnownCause/ec2_request_latency_system_failure.csv,False,
2014-03-16 22:31:00+00:00,46.648,realKnownCause/ec2_request_latency_system_failure.csv,False,
2014-03-16 22:36:00+00:00,43.718,realKnownCause/ec2_request_latency_system_failure.csv,False,
2014-03-16 22:41:00+00:00,45.37600000000001,realKnownCause/ec2_request_latency_system_failure.csv,False,
2014-03-16 22:46:00+00:00,45.61,realKnownCause/ec2_request_latency_system_failure.csv,False,
2014-03-16 22:51:00+00:00,45.63399999999999,realKnownCause/ec2_request_latency_system_failure.csv,False,
2014-03-16 22:56:00+00:00,47.778,realKnownCause/ec2_request_latency_system_failure.csv,False,
2014-03-16 23:01:00+00:00,47.276,realKnownCause/ec2_request_latency_system_failure.csv,False,
2014-03-16 23:06:00+00:00,45.294,realKnownCause/ec2_request_latency_system_failure.csv,False,
2014-03-16 23:11:00+00:00,47.682,realKnownCause/ec2_request_latency_system_failure.csv,False,
2014-03-16 23:16:00+00:00,43.66,realKnownCause/ec2_request_latency_system_failure.csv,False,
2014-03-16 23:21:00+00:00,45.916,realKnownCause/ec2_request_latency_system_failure.csv,False,
2014-03-16 23:26:00+00:00,46.01,realKnownCause/ec2_request_latency_system_failure.csv,False,
2014-03-16 23:31:00+00:00,47.254,realKnownCause/ec2_request_latency_system_failure.csv,False,
2014-03-16 23:36:00+00:00,44.574,realKnownCause/ec2_request_latency_system_failure.csv,False,
2014-03-16 23:41:00+00:00,48.592,realKnownCause/ec2_request_latency_system_failure.csv,False,
2014-03-16 23:46:00+00:00,44.578,realKnownCause/ec2_request_latency_system_failure.csv,False,
2014-03-16 23:51:00+00:00,45.982,realKnownCause/ec2_request_latency_system_failure.csv,False,
2014-03-16 23:56:00+00:00,50.44600000000001,realKnownCause/ec2_request_latency_system_failure.csv,False,
2014-03-17 00:01:00+00:00,45.56,realKnownCause/ec2_request_latency_system_failure.csv,False,
2014-03-17 00:06:00+00:00,44.24800000000001,realKnownCause/ec2_request_latency_system_failure.csv,False,
2014-03-17 00:11:00+00:00,46.972,realKnownCause/ec2_request_latency_system_failure.csv,False,
2014-03-17 00:16:00+00:00,46.784,realKnownCause/ec2_request_latency_system_failure.csv,False,
2014-03-17 00:21:00+00:00,44.108,realKnownCause/ec2_request_latency_system_failure.csv,False,
2014-03-17 00:26:00+00:00,45.67,realKnownCause/ec2_request_latency_system_failure.csv,False,
2014-03-17 00:31:00+00:00,47.35,realKnownCause/ec2_request_latency_system_failure.csv,False,
2014-03-17 00:36:00+00:00,43.386,realKnownCause/ec2_request_latency_system_failure.csv,False,
2014-03-17 00:41:00+00:00,45.764,realKnownCause/ec2_request_latency_system_failure.csv,False,
2014-03-17 00:46:00+00:00,47.276,realKnownCause/ec2_request_latency_system_failure.csv,False,
2014-03-17 00:51:00+00:00,44.228,realKnownCause/ec2_request_latency_system_failure.csv,False,
2014-03-17 00:56:00+00:00,47.442,realKnownCause/ec2_request_latency_system_failure.csv,False,
2014-03-17 01:01:00+00:00,45.902,realKnownCause/ec2_request_latency_system_failure.csv,False,
2014-03-17 01:06:00+00:00,44.13800000000001,realKnownCause/ec2_request_latency_system_failure.csv,False,
2014-03-17 01:11:00+00:00,47.394,realKnownCause/ec2_request_latency_system_failure.csv,False,
2014-03-17 01:16:00+00:00,45.846,realKnownCause/ec2_request_latency_system_failure.csv,False,
2014-03-17 01:21:00+00:00,45.868,realKnownCause/ec2_request_latency_system_failure.csv,False,
2014-03-17 01:26:00+00:00,45.63399999999999,realKnownCause/ec2_request_latency_system_failure.csv,False,
2014-03-17 01:31:00+00:00,51.878,realKnownCause/ec2_request_latency_system_failure.csv,False,
2014-03-17 01:36:00+00:00,40.586,realKnownCause/ec2_request_latency_system_failure.csv,False,
2014-03-17 01:41:00+00:00,46.784,realKnownCause/ec2_request_latency_system_failure.csv,False,
2014-03-17 01:46:00+00:00,45.38800000000001,realKnownCause/ec2_request_latency_system_failure.csv,False,
2014-03-17 01:51:00+00:00,46.034,realKnownCause/ec2_request_latency_system_failure.csv,False,
2014-03-17 01:56:00+00:00,47.11600000000001,realKnownCause/ec2_request_latency_system_failure.csv,False,
2014-03-17 02:01:00+00:00,49.672,realKnownCause/ec2_request_latency_system_failure.csv,False,
2014-03-17 02:06:00+00:00,43.472,realKnownCause/ec2_request_latency_system_failure.csv,False,
2014-03-17 02:11:00+00:00,48.708,realKnownCause/ec2_request_latency_system_failure.csv,False,
2014-03-17 02:16:00+00:00,44.014,realKnownCause/ec2_request_latency_system_failure.csv,False,
2014-03-17 02:21:00+00:00,46.83,realKnownCause/ec2_request_latency_system_failure.csv,False,
2014-03-17 02:26:00+00:00,44.108,realKnownCause/ec2_request_latency_system_failure.csv,False,
2014-03-17 02:31:00+00:00,45.846,realKnownCause/ec2_request_latency_system_failure.csv,False,
2014-03-17 02:36:00+00:00,47.192,realKnownCause/ec2_request_latency_system_failure.csv,False,
2014-03-17 02:41:00+00:00,43.662,realKnownCause/ec2_request_latency_system_failure.csv,False,
2014-03-17 02:46:00+00:00,47.112,realKnownCause/ec2_request_latency_system_failure.csv,False,
2014-03-17 02:51:00+00:00,44.268,realKnownCause/ec2_request_latency_system_failure.csv,False,
2014-03-17 02:56:00+00:00,47.994,realKnownCause/ec2_request_latency_system_failure.csv,False,
2014-03-17 03:01:00+00:00,45.61,realKnownCause/ec2_request_latency_system_failure.csv,False,
2014-03-17 03:06:00+00:00,45.504,realKnownCause/ec2_request_latency_system_failure.csv,False,
2014-03-17 03:11:00+00:00,50.75,realKnownCause/ec2_request_latency_system_failure.csv,False,
2014-03-17 03:16:00+00:00,40.846,realKnownCause/ec2_request_latency_system_failure.csv,False,
2014-03-17 03:21:00+00:00,47.418,realKnownCause/ec2_request_latency_system_failure.csv,False,
2014-03-17 03:26:00+00:00,44.24800000000001,realKnownCause/ec2_request_latency_system_failure.csv,False,
2014-03-17 03:31:00+00:00,46.55,realKnownCause/ec2_request_latency_system_failure.csv,False,
2014-03-17 03:36:00+00:00,44.658,realKnownCause/ec2_request_latency_system_failure.csv,False,
2014-03-17 03:41:00+00:00,48.108,realKnownCause/ec2_request_latency_system_failure.csv,False,
2014-03-17 03:46:00+00:00,43.45,realKnownCause/ec2_request_latency_system_failure.csv,False,
2014-03-17 03:51:00+00:00,45.68,realKnownCause/ec2_request_latency_system_failure.csv,False,
2014-03-17 03:56:00+00:00,50.164,realKnownCause/ec2_request_latency_system_failure.csv,False,
2014-03-17 04:01:00+00:00,44.294,realKnownCause/ec2_request_latency_system_failure.csv,False,
2014-03-17 04:06:00+00:00,44.24800000000001,realKnownCause/ec2_request_latency_system_failure.csv,False,
2014-03-17 04:11:00+00:00,47.16,realKnownCause/ec2_request_latency_system_failure.csv,False,
2014-03-17 04:16:00+00:00,47.3,realKnownCause/ec2_request_latency_system_failure.csv,False,
2014-03-17 04:21:00+00:00,43.718,realKnownCause/ec2_request_latency_system_failure.csv,False,
2014-03-17 04:26:00+00:00,45.66,realKnownCause/ec2_request_latency_system_failure.csv,False,
2014-03-17 04:31:00+00:00,44.974,realKnownCause/ec2_request_latency_system_failure.csv,False,
2014-03-17 04:36:00+00:00,44.718,realKnownCause/ec2_request_latency_system_failure.csv,False,
2014-03-17 04:41:00+00:00,46.254,realKnownCause/ec2_request_latency_system_failure.csv,False,
2014-03-17 04:46:00+00:00,44.252,realKnownCause/ec2_request_latency_system_failure.csv,False,
2014-03-17 04:51:00+00:00,43.334,realKnownCause/ec2_request_latency_system_failure.csv,False,
2014-03-17 04:56:00+00:00,46.558,realKnownCause/ec2_request_latency_system_failure.csv,False,
2014-03-17 05:01:00+00:00,43.588,realKnownCause/ec2_request_latency_system_failure.csv,False,
2014-03-17 05:06:00+00:00,44.944,realKnownCause/ec2_request_latency_system_failure.csv,False,
2014-03-17 05:11:00+00:00,48.166,realKnownCause/ec2_request_latency_system_failure.csv,False,
2014-03-17 05:16:00+00:00,45.508,realKnownCause/ec2_request_latency_system_failure.csv,False,
2014-03-17 05:21:00+00:00,41.948,realKnownCause/ec2_request_latency_system_failure.csv,False,
2014-03-17 05:26:00+00:00,46.81800000000001,realKnownCause/ec2_request_latency_system_failure.csv,False,
2014-03-17 05:31:00+00:00,41.738,realKnownCause/ec2_request_latency_system_failure.csv,False,
2014-03-17 05:36:00+00:00,45.70399999999999,realKnownCause/ec2_request_latency_system_failure.csv,False,
2014-03-17 05:41:00+00:00,45.118,realKnownCause/ec2_request_latency_system_failure.csv,False,
2014-03-17 05:46:00+00:00,48.45,realKnownCause/ec2_request_latency_system_failure.csv,False,
2014-03-17 05:51:00+00:00,42.428,realKnownCause/ec2_request_latency_system_failure.csv,False,
2014-03-17 05:56:00+00:00,47.09,realKnownCause/ec2_request_latency_system_failure.csv,False,
2014-03-17 06:01:00+00:00,45.282,realKnownCause/ec2_request_latency_system_failure.csv,False,
2014-03-17 06:06:00+00:00,43.428,realKnownCause/ec2_request_latency_system_failure.csv,False,
2014-03-17 06:11:00+00:00,49.038,realKnownCause/ec2_request_latency_system_failure.csv,False,
2014-03-17 06:16:00+00:00,42.042,realKnownCause/ec2_request_latency_system_failure.csv,False,
2014-03-17 06:21:00+00:00,46.532,realKnownCause/ec2_request_latency_system_failure.csv,False,
2014-03-17 06:26:00+00:00,44.40600000000001,realKnownCause/ec2_request_latency_system_failure.csv,False,
2014-03-17 06:31:00+00:00,43.522,realKnownCause/ec2_request_latency_system_failure.csv,False,
2014-03-17 06:36:00+00:00,44.90600000000001,realKnownCause/ec2_request_latency_system_failure.csv,False,
2014-03-17 06:41:00+00:00,45.04600000000001,realKnownCause/ec2_request_latency_system_failure.csv,False,
2014-03-17 06:46:00+00:00,44.774,realKnownCause/ec2_request_latency_system_failure.csv,False,
2014-03-17 06:51:00+00:00,44.776,realKnownCause/ec2_request_latency_system_failure.csv,False,
2014-03-17 06:56:00+00:00,48.428,realKnownCause/ec2_request_latency_system_failure.csv,False,
2014-03-17 07:01:00+00:00,43.428,realKnownCause/ec2_request_latency_system_failure.csv,False,
2014-03-17 07:06:00+00:00,45.472,realKnownCause/ec2_request_latency_system_failure.csv,False,
2014-03-17 07:11:00+00:00,45.468,realKnownCause/ec2_request_latency_system_failure.csv,False,
2014-03-17 07:16:00+00:00,45.07,realKnownCause/ec2_request_latency_system_failure.csv,False,
2014-03-17 07:21:00+00:00,45.47,realKnownCause/ec2_request_latency_system_failure.csv,False,
2014-03-17 07:26:00+00:00,47.394,realKnownCause/ec2_request_latency_system_failure.csv,False,
2014-03-17 07:31:00+00:00,42.746,realKnownCause/ec2_request_latency_system_failure.csv,False,
2014-03-17 07:36:00+00:00,45.554,realKnownCause/ec2_request_latency_system_failure.csv,False,
2014-03-17 07:41:00+00:00,45.976000000000006,realKnownCause/ec2_request_latency_system_failure.csv,False,
2014-03-17 07:46:00+00:00,47.63,realKnownCause/ec2_request_latency_system_failure.csv,False,
2014-03-17 07:51:00+00:00,42.268,realKnownCause/ec2_request_latency_system_failure.csv,False,
2014-03-17 07:56:00+00:00,48.78,realKnownCause/ec2_request_latency_system_failure.csv,False,
2014-03-17 08:01:00+00:00,43.56800000000001,realKnownCause/ec2_request_latency_system_failure.csv,False,
2014-03-17 08:06:00+00:00,45.002,realKnownCause/ec2_request_latency_system_failure.csv,False,
2014-03-17 08:11:00+00:00,46.426,realKnownCause/ec2_request_latency_system_failure.csv,False,
2014-03-17 08:16:00+00:00,45.212,realKnownCause/ec2_request_latency_system_failure.csv,False,
2014-03-17 08:21:00+00:00,46.104,realKnownCause/ec2_request_latency_system_failure.csv,False,
2014-03-17 08:26:00+00:00,43.944,realKnownCause/ec2_request_latency_system_failure.csv,False,
2014-03-17 08:31:00+00:00,49.724,realKnownCause/ec2_request_latency_system_failure.csv,False,
2014-03-17 08:36:00+00:00,40.52,realKnownCause/ec2_request_latency_system_failure.csv,False,
2014-03-17 08:41:00+00:00,44.93,realKnownCause/ec2_request_latency_system_failure.csv,False,
2014-03-17 08:46:00+00:00,44.88,realKnownCause/ec2_request_latency_system_failure.csv,False,
2014-03-17 08:51:00+00:00,44.484,realKnownCause/ec2_request_latency_system_failure.csv,False,
2014-03-17 08:56:00+00:00,48.072,realKnownCause/ec2_request_latency_system_failure.csv,False,
2014-03-17 09:01:00+00:00,45.212,realKnownCause/ec2_request_latency_system_failure.csv,False,
2014-03-17 09:06:00+00:00,43.286,realKnownCause/ec2_request_latency_system_failure.csv,False,
2014-03-17 09:11:00+00:00,46.49,realKnownCause/ec2_request_latency_system_failure.csv,False,
2014-03-17 09:16:00+00:00,47.724,realKnownCause/ec2_request_latency_system_failure.csv,False,
2014-03-17 09:21:00+00:00,42.112,realKnownCause/ec2_request_latency_system_failure.csv,False,
2014-03-17 09:26:00+00:00,44.788,realKnownCause/ec2_request_latency_system_failure.csv,False,
2014-03-17 09:31:00+00:00,48.122,realKnownCause/ec2_request_latency_system_failure.csv,False,
2014-03-17 09:36:00+00:00,42.26,realKnownCause/ec2_request_latency_system_failure.csv,False,
2014-03-17 09:41:00+00:00,45.646,realKnownCause/ec2_request_latency_system_failure.csv,False,
2014-03-17 09:46:00+00:00,44.86,realKnownCause/ec2_request_latency_system_failure.csv,False,
2014-03-17 09:51:00+00:00,44.942,realKnownCause/ec2_request_latency_system_failure.csv,False,
2014-03-17 09:56:00+00:00,47.15600000000001,realKnownCause/ec2_request_latency_system_failure.csv,False,
2014-03-17 10:01:00+00:00,49.93,realKnownCause/ec2_request_latency_system_failure.csv,False,
2014-03-17 10:06:00+00:00,41.808,realKnownCause/ec2_request_latency_system_failure.csv,False,
2014-03-17 10:11:00+00:00,45.352,realKnownCause/ec2_request_latency_system_failure.csv,False,
2014-03-17 10:16:00+00:00,44.93,realKnownCause/ec2_request_latency_system_failure.csv,False,
2014-03-17 10:21:00+00:00,44.93,realKnownCause/ec2_request_latency_system_failure.csv,False,
2014-03-17 10:26:00+00:00,45.07,realKnownCause/ec2_request_latency_system_failure.csv,False,
2014-03-17 10:31:00+00:00,46.986,realKnownCause/ec2_request_latency_system_failure.csv,False,
2014-03-17 10:36:00+00:00,43.18,realKnownCause/ec2_request_latency_system_failure.csv,False,
2014-03-17 10:41:00+00:00,45.554,realKnownCause/ec2_request_latency_system_failure.csv,False,
2014-03-17 10:46:00+00:00,46.55,realKnownCause/ec2_request_latency_system_failure.csv,False,
2014-03-17 10:51:00+00:00,45.44600000000001,realKnownCause/ec2_request_latency_system_failure.csv,False,
2014-03-17 10:56:00+00:00,45.728,realKnownCause/ec2_request_latency_system_failure.csv,False,
2014-03-17 11:01:00+00:00,45.04600000000001,realKnownCause/ec2_request_latency_system_failure.csv,False,
2014-03-17 11:06:00+00:00,47.136,realKnownCause/ec2_request_latency_system_failure.csv,False,
2014-03-17 11:11:00+00:00,45.212,realKnownCause/ec2_request_latency_system_failure.csv,False,
2014-03-17 11:16:00+00:00,45.306,realKnownCause/ec2_request_latency_system_failure.csv,False,
2014-03-17 11:21:00+00:00,46.502,realKnownCause/ec2_request_latency_system_failure.csv,False,
2014-03-17 11:26:00+00:00,43.908,realKnownCause/ec2_request_latency_system_failure.csv,False,
2014-03-17 11:31:00+00:00,45.504,realKnownCause/ec2_request_latency_system_failure.csv,False,
2014-03-17 11:36:00+00:00,48.356,realKnownCause/ec2_request_latency_system_failure.csv,False,
2014-03-17 11:41:00+00:00,45.68,realKnownCause/ec2_request_latency_system_failure.csv,False,
2014-03-17 11:46:00+00:00,41.444,realKnownCause/ec2_request_latency_system_failure.csv,False,
2014-03-17 11:51:00+00:00,46.106,realKnownCause/ec2_request_latency_system_failure.csv,False,
2014-03-17 11:56:00+00:00,47.794,realKnownCause/ec2_request_latency_system_failure.csv,False,
2014-03-17 12:01:00+00:00,46.924,realKnownCause/ec2_request_latency_system_failure.csv,False,
2014-03-17 12:06:00+00:00,45.934,realKnownCause/ec2_request_latency_system_failure.csv,False,
2014-03-17 12:11:00+00:00,45.728,realKnownCause/ec2_request_latency_system_failure.csv,False,
2014-03-17 12:16:00+00:00,43.96,realKnownCause/ec2_request_latency_system_failure.csv,False,
2014-03-17 12:21:00+00:00,45.188,realKnownCause/ec2_request_latency_system_failure.csv,False,
2014-03-17 12:26:00+00:00,44.86,realKnownCause/ec2_request_latency_system_failure.csv,False,
2014-03-17 12:31:00+00:00,47.13,realKnownCause/ec2_request_latency_system_failure.csv,False,
2014-03-17 12:36:00+00:00,45.962,realKnownCause/ec2_request_latency_system_failure.csv,False,
2014-03-17 12:41:00+00:00,41.44600000000001,realKnownCause/ec2_request_latency_system_failure.csv,False,
2014-03-17 12:46:00+00:00,44.95399999999999,realKnownCause/ec2_request_latency_system_failure.csv,False,
2014-03-17 12:51:00+00:00,45.112,realKnownCause/ec2_request_latency_system_failure.csv,False,
2014-03-17 12:56:00+00:00,46.908,realKnownCause/ec2_request_latency_system_failure.csv,False,
2014-03-17 13:01:00+00:00,45.146,realKnownCause/ec2_request_latency_system_failure.csv,False,
2014-03-17 13:06:00+00:00,47.512,realKnownCause/ec2_request_latency_system_failure.csv,False,
2014-03-17 13:11:00+00:00,46.22,realKnownCause/ec2_request_latency_system_failure.csv,False,
2014-03-17 13:16:00+00:00,43.192,realKnownCause/ec2_request_latency_system_failure.csv,False,
2014-03-17 13:21:00+00:00,45.846,realKnownCause/ec2_request_latency_system_failure.csv,False,
2014-03-17 13:26:00+00:00,42.904,realKnownCause/ec2_request_latency_system_failure.csv,False,
2014-03-17 13:31:00+00:00,44.36600000000001,realKnownCause/ec2_request_latency_system_failure.csv,False,
2014-03-17 13:36:00+00:00,47.042,realKnownCause/ec2_request_latency_system_failure.csv,False,
2014-03-17 13:41:00+00:00,43.896,realKnownCause/ec2_request_latency_system_failure.csv,False,
2014-03-17 13:46:00+00:00,45.868,realKnownCause/ec2_request_latency_system_failure.csv,False,
2014-03-17 13:51:00+00:00,43.334,realKnownCause/ec2_request_latency_system_failure.csv,False,
2014-03-17 13:56:00+00:00,46.198,realKnownCause/ec2_request_latency_system_failure.csv,False,
2014-03-17 14:01:00+00:00,44.578,realKnownCause/ec2_request_latency_system_failure.csv,False,
2014-03-17 14:06:00+00:00,47.324,realKnownCause/ec2_request_latency_system_failure.csv,False,
2014-03-17 14:11:00+00:00,45.164,realKnownCause/ec2_request_latency_system_failure.csv,False,
2014-03-17 14:16:00+00:00,42.75,realKnownCause/ec2_request_latency_system_failure.csv,False,
2014-03-17 14:21:00+00:00,44.226000000000006,realKnownCause/ec2_request_latency_system_failure.csv,False,
2014-03-17 14:26:00+00:00,45.962,realKnownCause/ec2_request_latency_system_failure.csv,False,
2014-03-17 14:31:00+00:00,43.24,realKnownCause/ec2_request_latency_system_failure.csv,False,
2014-03-17 14:36:00+00:00,44.53,realKnownCause/ec2_request_latency_system_failure.csv,False,
2014-03-17 14:41:00+00:00,44.262,realKnownCause/ec2_request_latency_system_failure.csv,False,
2014-03-17 14:46:00+00:00,46.452,realKnownCause/ec2_request_latency_system_failure.csv,False,
2014-03-17 14:51:00+00:00,45.012,realKnownCause/ec2_request_latency_system_failure.csv,False,
2014-03-17 14:56:00+00:00,43.472,realKnownCause/ec2_request_latency_system_failure.csv,False,
2014-03-17 15:01:00+00:00,45.99800000000001,realKnownCause/ec2_request_latency_system_failure.csv,False,
2014-03-17 15:06:00+00:00,43.38,realKnownCause/ec2_request_latency_system_failure.csv,False,
2014-03-17 15:11:00+00:00,46.776,realKnownCause/ec2_request_latency_system_failure.csv,False,
2014-03-17 15:16:00+00:00,44.76600000000001,realKnownCause/ec2_request_latency_system_failure.csv,False,
2014-03-17 15:21:00+00:00,47.194,realKnownCause/ec2_request_latency_system_failure.csv,False,
2014-03-17 15:26:00+00:00,43.534,realKnownCause/ec2_request_latency_system_failure.csv,False,
2014-03-17 15:31:00+00:00,45.372,realKnownCause/ec2_request_latency_system_failure.csv,False,
2014-03-17 15:36:00+00:00,49.108,realKnownCause/ec2_request_latency_system_failure.csv,False,
2014-03-17 15:41:00+00:00,42.77,realKnownCause/ec2_request_latency_system_failure.csv,False,
2014-03-17 15:46:00+00:00,44.928,realKnownCause/ec2_request_latency_system_failure.csv,False,
2014-03-17 15:51:00+00:00,46.924,realKnownCause/ec2_request_latency_system_failure.csv,False,
2014-03-17 15:56:00+00:00,44.718,realKnownCause/ec2_request_latency_system_failure.csv,False,
2014-03-17 16:01:00+00:00,45.328,realKnownCause/ec2_request_latency_system_failure.csv,False,
2014-03-17 16:06:00+00:00,45.416,realKnownCause/ec2_request_latency_system_failure.csv,False,
2014-03-17 16:11:00+00:00,47.794,realKnownCause/ec2_request_latency_system_failure.csv,False,
2014-03-17 16:16:00+00:00,43.286,realKnownCause/ec2_request_latency_system_failure.csv,False,
2014-03-17 16:21:00+00:00,49.132,realKnownCause/ec2_request_latency_system_failure.csv,False,
2014-03-17 16:26:00+00:00,39.712,realKnownCause/ec2_request_latency_system_failure.csv,False,
2014-03-17 16:31:00+00:00,44.53,realKnownCause/ec2_request_latency_system_failure.csv,False,
2014-03-17 16:36:00+00:00,44.90600000000001,realKnownCause/ec2_request_latency_system_failure.csv,False,
2014-03-17 16:41:00+00:00,44.508,realKnownCause/ec2_request_latency_system_failure.csv,False,
2014-03-17 16:46:00+00:00,44.51600000000001,realKnownCause/ec2_request_latency_system_failure.csv,False,
2014-03-17 16:51:00+00:00,47.488,realKnownCause/ec2_request_latency_system_failure.csv,False,
2014-03-17 16:56:00+00:00,42.91,realKnownCause/ec2_request_latency_system_failure.csv,False,
2014-03-17 17:01:00+00:00,44.32,realKnownCause/ec2_request_latency_system_failure.csv,False,
2014-03-17 17:06:00+00:00,47.096,realKnownCause/ec2_request_latency_system_failure.csv,False,
2014-03-17 17:11:00+00:00,43.63800000000001,realKnownCause/ec2_request_latency_system_failure.csv,False,
2014-03-17 17:16:00+00:00,44.624,realKnownCause/ec2_request_latency_system_failure.csv,False,
2014-03-17 17:21:00+00:00,46.644,realKnownCause/ec2_request_latency_system_failure.csv,False,
2014-03-17 17:26:00+00:00,44.36600000000001,realKnownCause/ec2_request_latency_system_failure.csv,False,
2014-03-17 17:31:00+00:00,46.422,realKnownCause/ec2_request_latency_system_failure.csv,False,
2014-03-17 17:36:00+00:00,44.264,realKnownCause/ec2_request_latency_system_failure.csv,False,
2014-03-17 17:41:00+00:00,45.798,realKnownCause/ec2_request_latency_system_failure.csv,False,
2014-03-17 17:46:00+00:00,46.478,realKnownCause/ec2_request_latency_system_failure.csv,False,
2014-03-17 17:51:00+00:00,45.54,realKnownCause/ec2_request_latency_system_failure.csv,False,
2014-03-17 17:56:00+00:00,43.808,realKnownCause/ec2_request_latency_system_failure.csv,False,
2014-03-17 18:01:00+00:00,44.90600000000001,realKnownCause/ec2_request_latency_system_failure.csv,False,
2014-03-17 18:06:00+00:00,46.08,realKnownCause/ec2_request_latency_system_failure.csv,False,
2014-03-17 18:11:00+00:00,45.47,realKnownCause/ec2_request_latency_system_failure.csv,False,
2014-03-17 18:16:00+00:00,46.418,realKnownCause/ec2_request_latency_system_failure.csv,False,
2014-03-17 18:21:00+00:00,42.77,realKnownCause/ec2_request_latency_system_failure.csv,False,
2014-03-17 18:26:00+00:00,44.882,realKnownCause/ec2_request_latency_system_failure.csv,False,
2014-03-17 18:31:00+00:00,44.508,realKnownCause/ec2_request_latency_system_failure.csv,False,
2014-03-17 18:36:00+00:00,47.37,realKnownCause/ec2_request_latency_system_failure.csv,False,
2014-03-17 18:41:00+00:00,43.286,realKnownCause/ec2_request_latency_system_failure.csv,False,
2014-03-17 18:46:00+00:00,43.38,realKnownCause/ec2_request_latency_system_failure.csv,False,
2014-03-17 18:51:00+00:00,46.362,realKnownCause/ec2_request_latency_system_failure.csv,False,
2014-03-17 18:56:00+00:00,44.6,realKnownCause/ec2_request_latency_system_failure.csv,False,
2014-03-17 19:01:00+00:00,44.624,realKnownCause/ec2_request_latency_system_failure.csv,False,
2014-03-17 19:06:00+00:00,44.46,realKnownCause/ec2_request_latency_system_failure.csv,False,
2014-03-17 19:11:00+00:00,46.522,realKnownCause/ec2_request_latency_system_failure.csv,False,
2014-03-17 19:16:00+00:00,45.118,realKnownCause/ec2_request_latency_system_failure.csv,False,
2014-03-17 19:21:00+00:00,48.052,realKnownCause/ec2_request_latency_system_failure.csv,False,
2014-03-17 19:26:00+00:00,43.15,realKnownCause/ec2_request_latency_system_failure.csv,False,
2014-03-17 19:31:00+00:00,45.29,realKnownCause/ec2_request_latency_system_failure.csv,False,
2014-03-17 19:36:00+00:00,47.7,realKnownCause/ec2_request_latency_system_failure.csv,False,
2014-03-17 19:41:00+00:00,47.018,realKnownCause/ec2_request_latency_system_failure.csv,False,
2014-03-17 19:46:00+00:00,47.184,realKnownCause/ec2_request_latency_system_failure.csv,False,
2014-03-17 19:51:00+00:00,49.174,realKnownCause/ec2_request_latency_system_failure.csv,False,
2014-03-17 19:56:00+00:00,47.04600000000001,realKnownCause/ec2_request_latency_system_failure.csv,False,
2014-03-17 20:01:00+00:00,43.31,realKnownCause/ec2_request_latency_system_failure.csv,False,
2014-03-17 20:06:00+00:00,47.242,realKnownCause/ec2_request_latency_system_failure.csv,False,
2014-03-17 20:11:00+00:00,43.874,realKnownCause/ec2_request_latency_system_failure.csv,False,
2014-03-17 20:16:00+00:00,44.43600000000001,realKnownCause/ec2_request_latency_system_failure.csv,False,
2014-03-17 20:21:00+00:00,44.39,realKnownCause/ec2_request_latency_system_failure.csv,False,
2014-03-17 20:26:00+00:00,46.31399999999999,realKnownCause/ec2_request_latency_system_failure.csv,False,
2014-03-17 20:31:00+00:00,44.084,realKnownCause/ec2_request_latency_system_failure.csv,False,
2014-03-17 20:36:00+00:00,43.262,realKnownCause/ec2_request_latency_system_failure.csv,False,
2014-03-17 20:41:00+00:00,44.24,realKnownCause/ec2_request_latency_system_failure.csv,False,
2014-03-17 20:46:00+00:00,44.576,realKnownCause/ec2_request_latency_system_failure.csv,False,
2014-03-17 20:51:00+00:00,44.414,realKnownCause/ec2_request_latency_system_failure.csv,False,
2014-03-17 20:56:00+00:00,48.826,realKnownCause/ec2_request_latency_system_failure.csv,False,
2014-03-17 21:01:00+00:00,43.25,realKnownCause/ec2_request_latency_system_failure.csv,False,
2014-03-17 21:06:00+00:00,43.772,realKnownCause/ec2_request_latency_system_failure.csv,False,
2014-03-17 21:11:00+00:00,45.094,realKnownCause/ec2_request_latency_system_failure.csv,False,
2014-03-17 21:16:00+00:00,44.812,realKnownCause/ec2_request_latency_system_failure.csv,False,
2014-03-17 21:21:00+00:00,44.976000000000006,realKnownCause/ec2_request_latency_system_failure.csv,False,
2014-03-17 21:26:00+00:00,44.25,realKnownCause/ec2_request_latency_system_failure.csv,False,
2014-03-17 21:31:00+00:00,44.32,realKnownCause/ec2_request_latency_system_failure.csv,False,
2014-03-17 21:36:00+00:00,47.042,realKnownCause/ec2_request_latency_system_failure.csv,False,
2014-03-17 21:41:00+00:00,43.78,realKnownCause/ec2_request_latency_system_failure.csv,False,
2014-03-17 21:46:00+00:00,46.596,realKnownCause/ec2_request_latency_system_failure.csv,False,
2014-03-17 21:51:00+00:00,44.612,realKnownCause/ec2_request_latency_system_failure.csv,False,
2014-03-17 21:56:00+00:00,46.032,realKnownCause/ec2_request_latency_system_failure.csv,False,
2014-03-17 22:01:00+00:00,44.812,realKnownCause/ec2_request_latency_system_failure.csv,False,
2014-03-17 22:06:00+00:00,46.362,realKnownCause/ec2_request_latency_system_failure.csv,False,
2014-03-17 22:11:00+00:00,44.202,realKnownCause/ec2_request_latency_system_failure.csv,False,
2014-03-17 22:16:00+00:00,44.342,realKnownCause/ec2_request_latency_system_failure.csv,False,
2014-03-17 22:21:00+00:00,44.32,realKnownCause/ec2_request_latency_system_failure.csv,False,
2014-03-17 22:26:00+00:00,45.56399999999999,realKnownCause/ec2_request_latency_system_failure.csv,False,
2014-03-17 22:31:00+00:00,43.334,realKnownCause/ec2_request_latency_system_failure.csv,False,
2014-03-17 22:36:00+00:00,49.43600000000001,realKnownCause/ec2_request_latency_system_failure.csv,False,
2014-03-17 22:41:00+00:00,40.234,realKnownCause/ec2_request_latency_system_failure.csv,False,
2014-03-17 22:46:00+00:00,44.108,realKnownCause/ec2_request_latency_system_failure.csv,False,
2014-03-17 22:51:00+00:00,44.926,realKnownCause/ec2_request_latency_system_failure.csv,False,
2014-03-17 22:56:00+00:00,45.926,realKnownCause/ec2_request_latency_system_failure.csv,False,
2014-03-17 23:01:00+00:00,46.608,realKnownCause/ec2_request_latency_system_failure.csv,False,
2014-03-17 23:06:00+00:00,48.63800000000001,realKnownCause/ec2_request_latency_system_failure.csv,False,
2014-03-17 23:11:00+00:00,44.90600000000001,realKnownCause/ec2_request_latency_system_failure.csv,False,
2014-03-17 23:16:00+00:00,44.578,realKnownCause/ec2_request_latency_system_failure.csv,False,
2014-03-17 23:21:00+00:00,47.536,realKnownCause/ec2_request_latency_system_failure.csv,False,
2014-03-17 23:26:00+00:00,42.16,realKnownCause/ec2_request_latency_system_failure.csv,False,
2014-03-17 23:31:00+00:00,44.428,realKnownCause/ec2_request_latency_system_failure.csv,False,
2014-03-17 23:36:00+00:00,48.544,realKnownCause/ec2_request_latency_system_failure.csv,False,
2014-03-17 23:41:00+00:00,42.442,realKnownCause/ec2_request_latency_system_failure.csv,False,
2014-03-17 23:46:00+00:00,44.578,realKnownCause/ec2_request_latency_system_failure.csv,False,
2014-03-17 23:51:00+00:00,44.812,realKnownCause/ec2_request_latency_system_failure.csv,False,
2014-03-17 23:56:00+00:00,46.292,realKnownCause/ec2_request_latency_system_failure.csv,False,
2014-03-18 00:01:00+00:00,44.742,realKnownCause/ec2_request_latency_system_failure.csv,False,
2014-03-18 00:06:00+00:00,46.08,realKnownCause/ec2_request_latency_system_failure.csv,False,
2014-03-18 00:11:00+00:00,45.352,realKnownCause/ec2_request_latency_system_failure.csv,False,
2014-03-18 00:16:00+00:00,43.42,realKnownCause/ec2_request_latency_system_failure.csv,False,
2014-03-18 00:21:00+00:00,43.49800000000001,realKnownCause/ec2_request_latency_system_failure.csv,False,
2014-03-18 00:26:00+00:00,44.39,realKnownCause/ec2_request_latency_system_failure.csv,False,
2014-03-18 00:31:00+00:00,44.6,realKnownCause/ec2_request_latency_system_failure.csv,False,
2014-03-18 00:36:00+00:00,47.31399999999999,realKnownCause/ec2_request_latency_system_failure.csv,False,
2014-03-18 00:41:00+00:00,42.864,realKnownCause/ec2_request_latency_system_failure.csv,False,
2014-03-18 00:46:00+00:00,44.556,realKnownCause/ec2_request_latency_system_failure.csv,False,
2014-03-18 00:51:00+00:00,44.812,realKnownCause/ec2_request_latency_system_failure.csv,False,
2014-03-18 00:56:00+00:00,47.91,realKnownCause/ec2_request_latency_system_failure.csv,False,
2014-03-18 01:01:00+00:00,44.788,realKnownCause/ec2_request_latency_system_failure.csv,False,
2014-03-18 01:06:00+00:00,42.512,realKnownCause/ec2_request_latency_system_failure.csv,False,
2014-03-18 01:11:00+00:00,43.496,realKnownCause/ec2_request_latency_system_failure.csv,False,
2014-03-18 01:16:00+00:00,45.51600000000001,realKnownCause/ec2_request_latency_system_failure.csv,False,
2014-03-18 01:21:00+00:00,45.07,realKnownCause/ec2_request_latency_system_failure.csv,False,
2014-03-18 01:26:00+00:00,44.43600000000001,realKnownCause/ec2_request_latency_system_failure.csv,False,
2014-03-18 01:31:00+00:00,46.62,realKnownCause/ec2_request_latency_system_failure.csv,False,
2014-03-18 01:36:00+00:00,46.878,realKnownCause/ec2_request_latency_system_failure.csv,False,
2014-03-18 01:41:00+00:00,45.328,realKnownCause/ec2_request_latency_system_failure.csv,False,
2014-03-18 01:46:00+00:00,44.802,realKnownCause/ec2_request_latency_system_failure.csv,False,
2014-03-18 01:51:00+00:00,47.69,realKnownCause/ec2_request_latency_system_failure.csv,False,
2014-03-18 01:56:00+00:00,41.996,realKnownCause/ec2_request_latency_system_failure.csv,False,
2014-03-18 02:01:00+00:00,45.234,realKnownCause/ec2_request_latency_system_failure.csv,False,
2014-03-18 02:06:00+00:00,44.648,realKnownCause/ec2_request_latency_system_failure.csv,False,
2014-03-18 02:11:00+00:00,46.808,realKnownCause/ec2_request_latency_system_failure.csv,False,
2014-03-18 02:16:00+00:00,42.79,realKnownCause/ec2_request_latency_system_failure.csv,False,
2014-03-18 02:21:00+00:00,44.90600000000001,realKnownCause/ec2_request_latency_system_failure.csv,False,
2014-03-18 02:26:00+00:00,44.742,realKnownCause/ec2_request_latency_system_failure.csv,False,
2014-03-18 02:31:00+00:00,44.83,realKnownCause/ec2_request_latency_system_failure.csv,False,
2014-03-18 02:36:00+00:00,46.76,realKnownCause/ec2_request_latency_system_failure.csv,False,
2014-03-18 02:41:00+00:00,45.63399999999999,realKnownCause/ec2_request_latency_system_failure.csv,False,
2014-03-18 02:46:00+00:00,41.88399999999999,realKnownCause/ec2_request_latency_system_failure.csv,False,
2014-03-18 02:51:00+00:00,44.43600000000001,realKnownCause/ec2_request_latency_system_failure.csv,False,
2014-03-18 02:56:00+00:00,45.118,realKnownCause/ec2_request_latency_system_failure.csv,False,
2014-03-18 03:01:00+00:00,44.938,realKnownCause/ec2_request_latency_system_failure.csv,False,
2014-03-18 03:06:00+00:00,45.094,realKnownCause/ec2_request_latency_system_failure.csv,False,
2014-03-18 03:11:00+00:00,47.958,realKnownCause/ec2_request_latency_system_failure.csv,False,
2014-03-18 03:16:00+00:00,43.356,realKnownCause/ec2_request_latency_system_failure.csv,False,
2014-03-18 03:21:00+00:00,46.29600000000001,realKnownCause/ec2_request_latency_system_failure.csv,False,
2014-03-18 03:26:00+00:00,46.12600000000001,realKnownCause/ec2_request_latency_system_failure.csv,False,
2014-03-18 03:31:00+00:00,41.57,realKnownCause/ec2_request_latency_system_failure.csv,False,
2014-03-18 03:36:00+00:00,45.51600000000001,realKnownCause/ec2_request_latency_system_failure.csv,False,
2014-03-18 03:41:00+00:00,47.614,realKnownCause/ec2_request_latency_system_failure.csv,False,
2014-03-18 03:46:00+00:00,43.014,realKnownCause/ec2_request_latency_system_failure.csv,False,
2014-03-18 03:51:00+00:00,45.466,realKnownCause/ec2_request_latency_system_failure.csv,False,
2014-03-18 03:56:00+00:00,46.338,realKnownCause/ec2_request_latency_system_failure.csv,False,
2014-03-18 04:01:00+00:00,46.338,realKnownCause/ec2_request_latency_system_failure.csv,False,
2014-03-18 04:06:00+00:00,43.45,realKnownCause/ec2_request_latency_system_failure.csv,False,
2014-03-18 04:11:00+00:00,48.874,realKnownCause/ec2_request_latency_system_failure.csv,False,
2014-03-18 04:16:00+00:00,44.202,realKnownCause/ec2_request_latency_system_failure.csv,False,
2014-03-18 04:21:00+00:00,42.72,realKnownCause/ec2_request_latency_system_failure.csv,False,
2014-03-18 04:26:00+00:00,43.24,realKnownCause/ec2_request_latency_system_failure.csv,False,
2014-03-18 04:31:00+00:00,44.59,realKnownCause/ec2_request_latency_system_failure.csv,False,
2014-03-18 04:36:00+00:00,46.872,realKnownCause/ec2_request_latency_system_failure.csv,False,
2014-03-18 04:41:00+00:00,43.262,realKnownCause/ec2_request_latency_system_failure.csv,False,
2014-03-18 04:46:00+00:00,48.802,realKnownCause/ec2_request_latency_system_failure.csv,False,
2014-03-18 04:51:00+00:00,43.56800000000001,realKnownCause/ec2_request_latency_system_failure.csv,False,
2014-03-18 04:56:00+00:00,46.784,realKnownCause/ec2_request_latency_system_failure.csv,False,
2014-03-18 05:01:00+00:00,47.464,realKnownCause/ec2_request_latency_system_failure.csv,False,
2014-03-18 05:06:00+00:00,42.184,realKnownCause/ec2_request_latency_system_failure.csv,False,
2014-03-18 05:11:00+00:00,47.464,realKnownCause/ec2_request_latency_system_failure.csv,False,
2014-03-18 05:16:00+00:00,45.44600000000001,realKnownCause/ec2_request_latency_system_failure.csv,False,
2014-03-18 05:21:00+00:00,43.88800000000001,realKnownCause/ec2_request_latency_system_failure.csv,False,
2014-03-18 05:26:00+00:00,45.328,realKnownCause/ec2_request_latency_system_failure.csv,False,
2014-03-18 05:31:00+00:00,44.726000000000006,realKnownCause/ec2_request_latency_system_failure.csv,False,
2014-03-18 05:36:00+00:00,45.32,realKnownCause/ec2_request_latency_system_failure.csv,False,
2014-03-18 05:41:00+00:00,45.868,realKnownCause/ec2_request_latency_system_failure.csv,False,
2014-03-18 05:46:00+00:00,51.104,realKnownCause/ec2_request_latency_system_failure.csv,False,
2014-03-18 05:51:00+00:00,40.436,realKnownCause/ec2_request_latency_system_failure.csv,False,
2014-03-18 05:56:00+00:00,46.99,realKnownCause/ec2_request_latency_system_failure.csv,False,
2014-03-18 06:01:00+00:00,45.38,realKnownCause/ec2_request_latency_system_failure.csv,False,
2014-03-18 06:06:00+00:00,45.68,realKnownCause/ec2_request_latency_system_failure.csv,False,
2014-03-18 06:11:00+00:00,47.066,realKnownCause/ec2_request_latency_system_failure.csv,False,
2014-03-18 06:16:00+00:00,44.90600000000001,realKnownCause/ec2_request_latency_system_failure.csv,False,
2014-03-18 06:21:00+00:00,46.722,realKnownCause/ec2_request_latency_system_failure.csv,False,
2014-03-18 06:26:00+00:00,44.042,realKnownCause/ec2_request_latency_system_failure.csv,False,
2014-03-18 06:31:00+00:00,43.146,realKnownCause/ec2_request_latency_system_failure.csv,False,
2014-03-18 06:36:00+00:00,43.624,realKnownCause/ec2_request_latency_system_failure.csv,False,
2014-03-18 06:41:00+00:00,47.77,realKnownCause/ec2_request_latency_system_failure.csv,False,
2014-03-18 06:46:00+00:00,44.718,realKnownCause/ec2_request_latency_system_failure.csv,False,
2014-03-18 06:51:00+00:00,47.464,realKnownCause/ec2_request_latency_system_failure.csv,False,
2014-03-18 06:56:00+00:00,45.674,realKnownCause/ec2_request_latency_system_failure.csv,False,
2014-03-18 07:01:00+00:00,46.15,realKnownCause/ec2_request_latency_system_failure.csv,False,
2014-03-18 07:06:00+00:00,44.108,realKnownCause/ec2_request_latency_system_failure.csv,False,
2014-03-18 07:11:00+00:00,47.606,realKnownCause/ec2_request_latency_system_failure.csv,False,
2014-03-18 07:16:00+00:00,45.19,realKnownCause/ec2_request_latency_system_failure.csv,False,
2014-03-18 07:21:00+00:00,47.666,realKnownCause/ec2_request_latency_system_failure.csv,False,
2014-03-18 07:26:00+00:00,45.352,realKnownCause/ec2_request_latency_system_failure.csv,False,
2014-03-18 07:31:00+00:00,44.272,realKnownCause/ec2_request_latency_system_failure.csv,False,
2014-03-18 07:36:00+00:00,48.032,realKnownCause/ec2_request_latency_system_failure.csv,False,
2014-03-18 07:41:00+00:00,46.408,realKnownCause/ec2_request_latency_system_failure.csv,False,
2014-03-18 07:46:00+00:00,45.37600000000001,realKnownCause/ec2_request_latency_system_failure.csv,False,
2014-03-18 07:51:00+00:00,46.76,realKnownCause/ec2_request_latency_system_failure.csv,False,
2014-03-18 07:56:00+00:00,44.914,realKnownCause/ec2_request_latency_system_failure.csv,False,
2014-03-18 08:01:00+00:00,45.938,realKnownCause/ec2_request_latency_system_failure.csv,False,
2014-03-18 08:06:00+00:00,45.822,realKnownCause/ec2_request_latency_system_failure.csv,False,
2014-03-18 08:11:00+00:00,49.694,realKnownCause/ec2_request_latency_system_failure.csv,False,
2014-03-18 08:16:00+00:00,43.79,realKnownCause/ec2_request_latency_system_failure.csv,False,
2014-03-18 08:21:00+00:00,44.61600000000001,realKnownCause/ec2_request_latency_system_failure.csv,False,
2014-03-18 08:26:00+00:00,46.292,realKnownCause/ec2_request_latency_system_failure.csv,False,
2014-03-18 08:31:00+00:00,43.56800000000001,realKnownCause/ec2_request_latency_system_failure.csv,False,
2014-03-18 08:36:00+00:00,44.326,realKnownCause/ec2_request_latency_system_failure.csv,False,
2014-03-18 08:41:00+00:00,45.04600000000001,realKnownCause/ec2_request_latency_system_failure.csv,False,
2014-03-18 08:46:00+00:00,46.83600000000001,realKnownCause/ec2_request_latency_system_failure.csv,False,
2014-03-18 08:51:00+00:00,44.648,realKnownCause/ec2_request_latency_system_failure.csv,False,
2014-03-18 08:56:00+00:00,50.574,realKnownCause/ec2_request_latency_system_failure.csv,False,
2014-03-18 09:01:00+00:00,43.99,realKnownCause/ec2_request_latency_system_failure.csv,False,
2014-03-18 09:06:00+00:00,43.522,realKnownCause/ec2_request_latency_system_failure.csv,False,
2014-03-18 09:11:00+00:00,46.738,realKnownCause/ec2_request_latency_system_failure.csv,False,
2014-03-18 09:16:00+00:00,44.556,realKnownCause/ec2_request_latency_system_failure.csv,False,
2014-03-18 09:21:00+00:00,46.104,realKnownCause/ec2_request_latency_system_failure.csv,False,
2014-03-18 09:26:00+00:00,43.028,realKnownCause/ec2_request_latency_system_failure.csv,False,
2014-03-18 09:31:00+00:00,46.002,realKnownCause/ec2_request_latency_system_failure.csv,False,
2014-03-18 09:36:00+00:00,43.99800000000001,realKnownCause/ec2_request_latency_system_failure.csv,False,
2014-03-18 09:41:00+00:00,48.17,realKnownCause/ec2_request_latency_system_failure.csv,False,
2014-03-18 09:46:00+00:00,42.442,realKnownCause/ec2_request_latency_system_failure.csv,False,
2014-03-18 09:51:00+00:00,44.76600000000001,realKnownCause/ec2_request_latency_system_failure.csv,False,
2014-03-18 09:56:00+00:00,46.85,realKnownCause/ec2_request_latency_system_failure.csv,False,
2014-03-18 10:01:00+00:00,48.63800000000001,realKnownCause/ec2_request_latency_system_failure.csv,False,
2014-03-18 10:06:00+00:00,42.206,realKnownCause/ec2_request_latency_system_failure.csv,False,
2014-03-18 10:11:00+00:00,48.17,realKnownCause/ec2_request_latency_system_failure.csv,False,
2014-03-18 10:16:00+00:00,46.01,realKnownCause/ec2_request_latency_system_failure.csv,False,
2014-03-18 10:21:00+00:00,45.282,realKnownCause/ec2_request_latency_system_failure.csv,False,
2014-03-18 10:26:00+00:00,44.6,realKnownCause/ec2_request_latency_system_failure.csv,False,
2014-03-18 10:31:00+00:00,49.226000000000006,realKnownCause/ec2_request_latency_system_failure.csv,False,
2014-03-18 10:36:00+00:00,45.306,realKnownCause/ec2_request_latency_system_failure.csv,False,
2014-03-18 10:41:00+00:00,45.822,realKnownCause/ec2_request_latency_system_failure.csv,False,
2014-03-18 10:46:00+00:00,45.07,realKnownCause/ec2_request_latency_system_failure.csv,False,
2014-03-18 10:51:00+00:00,46.174,realKnownCause/ec2_request_latency_system_failure.csv,False,
2014-03-18 10:56:00+00:00,47.84,realKnownCause/ec2_request_latency_system_failure.csv,False,
2014-03-18 11:01:00+00:00,46.244,realKnownCause/ec2_request_latency_system_failure.csv,False,
2014-03-18 11:06:00+00:00,49.53,realKnownCause/ec2_request_latency_system_failure.csv,False,
2014-03-18 11:11:00+00:00,46.31399999999999,realKnownCause/ec2_request_latency_system_failure.csv,False,
2014-03-18 11:16:00+00:00,50.994,realKnownCause/ec2_request_latency_system_failure.csv,False,
2014-03-18 11:21:00+00:00,42.344,realKnownCause/ec2_request_latency_system_failure.csv,False,
2014-03-18 11:26:00+00:00,46.362,realKnownCause/ec2_request_latency_system_failure.csv,False,
2014-03-18 11:31:00+00:00,48.334,realKnownCause/ec2_request_latency_system_failure.csv,False,
2014-03-18 11:36:00+00:00,45.328,realKnownCause/ec2_request_latency_system_failure.csv,False,
2014-03-18 11:41:00+00:00,47.934,realKnownCause/ec2_request_latency_system_failure.csv,False,
2014-03-18 11:46:00+00:00,46.502,realKnownCause/ec2_request_latency_system_failure.csv,False,
2014-03-18 11:51:00+00:00,48.52,realKnownCause/ec2_request_latency_system_failure.csv,False,
2014-03-18 11:56:00+00:00,47.106,realKnownCause/ec2_request_latency_system_failure.csv,False,
2014-03-18 12:01:00+00:00,50.56399999999999,realKnownCause/ec2_request_latency_system_failure.csv,False,
2014-03-18 12:06:00+00:00,42.794,realKnownCause/ec2_request_latency_system_failure.csv,False,
2014-03-18 12:11:00+00:00,48.274,realKnownCause/ec2_request_latency_system_failure.csv,False,
2014-03-18 12:16:00+00:00,46.714,realKnownCause/ec2_request_latency_system_failure.csv,False,
2014-03-18 12:21:00+00:00,46.536,realKnownCause/ec2_request_latency_system_failure.csv,False,
2014-03-18 12:26:00+00:00,46.512,realKnownCause/ec2_request_latency_system_failure.csv,False,
2014-03-18 12:31:00+00:00,50.028,realKnownCause/ec2_request_latency_system_failure.csv,False,
2014-03-18 12:36:00+00:00,43.12,realKnownCause/ec2_request_latency_system_failure.csv,False,
2014-03-18 12:41:00+00:00,46.154,realKnownCause/ec2_request_latency_system_failure.csv,False,
2014-03-18 12:46:00+00:00,46.292,realKnownCause/ec2_request_latency_system_failure.csv,False,
2014-03-18 12:51:00+00:00,48.92,realKnownCause/ec2_request_latency_system_failure.csv,False,
2014-03-18 12:56:00+00:00,45.52,realKnownCause/ec2_request_latency_system_failure.csv,False,
2014-03-18 13:01:00+00:00,46.684,realKnownCause/ec2_request_latency_system_failure.csv,False,
2014-03-18 13:06:00+00:00,48.592,realKnownCause/ec2_request_latency_system_failure.csv,False,
2014-03-18 13:11:00+00:00,46.268,realKnownCause/ec2_request_latency_system_failure.csv,False,
2014-03-18 13:16:00+00:00,47.898,realKnownCause/ec2_request_latency_system_failure.csv,False,
2014-03-18 13:21:00+00:00,45.57,realKnownCause/ec2_request_latency_system_failure.csv,False,
2014-03-18 13:26:00+00:00,47.04,realKnownCause/ec2_request_latency_system_failure.csv,False,
2014-03-18 13:31:00+00:00,48.61600000000001,realKnownCause/ec2_request_latency_system_failure.csv,False,
2014-03-18 13:36:00+00:00,45.514,realKnownCause/ec2_request_latency_system_failure.csv,False,
2014-03-18 13:41:00+00:00,50.916,realKnownCause/ec2_request_latency_system_failure.csv,False,
2014-03-18 13:46:00+00:00,42.018,realKnownCause/ec2_request_latency_system_failure.csv,False,
2014-03-18 13:51:00+00:00,46.174,realKnownCause/ec2_request_latency_system_failure.csv,False,
2014-03-18 13:56:00+00:00,45.396,realKnownCause/ec2_request_latency_system_failure.csv,False,
2014-03-18 14:01:00+00:00,47.522,realKnownCause/ec2_request_latency_system_failure.csv,False,
2014-03-18 14:06:00+00:00,43.052,realKnownCause/ec2_request_latency_system_failure.csv,False,
2014-03-18 14:11:00+00:00,46.592,realKnownCause/ec2_request_latency_system_failure.csv,False,
2014-03-18 14:16:00+00:00,45.082,realKnownCause/ec2_request_latency_system_failure.csv,False,
2014-03-18 14:21:00+00:00,49.944,realKnownCause/ec2_request_latency_system_failure.csv,False,
2014-03-18 14:26:00+00:00,42.054,realKnownCause/ec2_request_latency_system_failure.csv,False,
2014-03-18 14:31:00+00:00,48.004,realKnownCause/ec2_request_latency_system_failure.csv,False,
2014-03-18 14:36:00+00:00,43.604,realKnownCause/ec2_request_latency_system_failure.csv,False,
2014-03-18 14:41:00+00:00,45.794,realKnownCause/ec2_request_latency_system_failure.csv,False,
2014-03-18 14:46:00+00:00,45.422,realKnownCause/ec2_request_latency_system_failure.csv,False,
2014-03-18 14:51:00+00:00,45.44600000000001,realKnownCause/ec2_request_latency_system_failure.csv,False,
2014-03-18 14:56:00+00:00,47.276,realKnownCause/ec2_request_latency_system_failure.csv,False,
2014-03-18 15:01:00+00:00,48.732,realKnownCause/ec2_request_latency_system_failure.csv,False,
2014-03-18 15:06:00+00:00,41.666,realKnownCause/ec2_request_latency_system_failure.csv,False,
2014-03-18 15:11:00+00:00,50.06399999999999,realKnownCause/ec2_request_latency_system_failure.csv,False,
2014-03-18 15:16:00+00:00,42.3,realKnownCause/ec2_request_latency_system_failure.csv,False,
2014-03-18 15:21:00+00:00,44.792,realKnownCause/ec2_request_latency_system_failure.csv,False,
2014-03-18 15:26:00+00:00,45.0,realKnownCause/ec2_request_latency_system_failure.csv,False,
2014-03-18 15:31:00+00:00,45.892,realKnownCause/ec2_request_latency_system_failure.csv,False,
2014-03-18 15:36:00+00:00,48.076,realKnownCause/ec2_request_latency_system_failure.csv,False,
2014-03-18 15:41:00+00:00,44.154,realKnownCause/ec2_request_latency_system_failure.csv,False,
2014-03-18 15:46:00+00:00,46.292,realKnownCause/ec2_request_latency_system_failure.csv,False,
2014-03-18 15:51:00+00:00,43.944,realKnownCause/ec2_request_latency_system_failure.csv,False,
2014-03-18 15:56:00+00:00,46.996,realKnownCause/ec2_request_latency_system_failure.csv,False,
2014-03-18 16:01:00+00:00,48.104,realKnownCause/ec2_request_latency_system_failure.csv,False,
2014-03-18 16:06:00+00:00,45.782,realKnownCause/ec2_request_latency_system_failure.csv,False,
2014-03-18 16:11:00+00:00,46.292,realKnownCause/ec2_request_latency_system_failure.csv,False,
2014-03-18 16:16:00+00:00,46.044,realKnownCause/ec2_request_latency_system_failure.csv,False,
2014-03-18 16:21:00+00:00,45.414,realKnownCause/ec2_request_latency_system_failure.csv,False,
2014-03-18 16:26:00+00:00,45.644,realKnownCause/ec2_request_latency_system_failure.csv,False,
2014-03-18 16:31:00+00:00,45.352,realKnownCause/ec2_request_latency_system_failure.csv,False,
2014-03-18 16:36:00+00:00,42.604,realKnownCause/ec2_request_latency_system_failure.csv,False,
2014-03-18 16:41:00+00:00,44.81399999999999,realKnownCause/ec2_request_latency_system_failure.csv,False,
2014-03-18 16:46:00+00:00,47.63,realKnownCause/ec2_request_latency_system_failure.csv,False,
2014-03-18 16:51:00+00:00,41.956,realKnownCause/ec2_request_latency_system_failure.csv,False,
2014-03-18 16:56:00+00:00,46.338,realKnownCause/ec2_request_latency_system_failure.csv,False,
2014-03-18 17:01:00+00:00,46.668,realKnownCause/ec2_request_latency_system_failure.csv,False,
2014-03-18 17:06:00+00:00,45.56399999999999,realKnownCause/ec2_request_latency_system_failure.csv,True,nab_event_2
2014-03-18 17:11:00+00:00,44.718,realKnownCause/ec2_request_latency_system_failure.csv,True,nab_event_2
2014-03-18 17:16:00+00:00,44.882,realKnownCause/ec2_request_latency_system_failure.csv,True,nab_event_2
2014-03-18 17:21:00+00:00,45.352,realKnownCause/ec2_request_latency_system_failure.csv,True,nab_event_2
2014-03-18 17:26:00+00:00,44.9,realKnownCause/ec2_request_latency_system_failure.csv,True,nab_event_2
2014-03-18 17:31:00+00:00,47.274,realKnownCause/ec2_request_latency_system_failure.csv,True,nab_event_2
2014-03-18 17:36:00+00:00,46.816,realKnownCause/ec2_request_latency_system_failure.csv,True,nab_event_2
2014-03-18 17:41:00+00:00,45.868,realKnownCause/ec2_request_latency_system_failure.csv,True,nab_event_2
2014-03-18 17:46:00+00:00,44.86,realKnownCause/ec2_request_latency_system_failure.csv,True,nab_event_2
2014-03-18 17:51:00+00:00,44.976000000000006,realKnownCause/ec2_request_latency_system_failure.csv,True,nab_event_2
2014-03-18 17:56:00+00:00,46.304,realKnownCause/ec2_request_latency_system_failure.csv,True,nab_event_2
2014-03-18 18:01:00+00:00,46.502,realKnownCause/ec2_request_latency_system_failure.csv,True,nab_event_2
2014-03-18 18:06:00+00:00,43.602,realKnownCause/ec2_request_latency_system_failure.csv,True,nab_event_2
2014-03-18 18:11:00+00:00,46.88,realKnownCause/ec2_request_latency_system_failure.csv,True,nab_event_2
2014-03-18 18:16:00+00:00,45.58600000000001,realKnownCause/ec2_request_latency_system_failure.csv,True,nab_event_2
2014-03-18 18:21:00+00:00,47.88800000000001,realKnownCause/ec2_request_latency_system_failure.csv,True,nab_event_2
2014-03-18 18:26:00+00:00,42.464,realKnownCause/ec2_request_latency_system_failure.csv,True,nab_event_2
2014-03-18 18:31:00+00:00,46.556,realKnownCause/ec2_request_latency_system_failure.csv,True,nab_event_2
2014-03-18 18:36:00+00:00,42.724,realKnownCause/ec2_request_latency_system_failure.csv,True,nab_event_2
2014-03-18 18:41:00+00:00,44.6,realKnownCause/ec2_request_latency_system_failure.csv,True,nab_event_2
2014-03-18 18:46:00+00:00,44.578,realKnownCause/ec2_request_latency_system_failure.csv,True,nab_event_2
2014-03-18 18:51:00+00:00,44.6,realKnownCause/ec2_request_latency_system_failure.csv,True,nab_event_2
2014-03-18 18:56:00+00:00,46.15,realKnownCause/ec2_request_latency_system_failure.csv,True,nab_event_2
2014-03-18 19:01:00+00:00,48.31,realKnownCause/ec2_request_latency_system_failure.csv,True,nab_event_2
2014-03-18 19:06:00+00:00,44.132,realKnownCause/ec2_request_latency_system_failure.csv,True,nab_event_2
2014-03-18 19:11:00+00:00,43.404,realKnownCause/ec2_request_latency_system_failure.csv,True,nab_event_2
2014-03-18 19:16:00+00:00,44.648,realKnownCause/ec2_request_latency_system_failure.csv,True,nab_event_2
2014-03-18 19:21:00+00:00,45.128,realKnownCause/ec2_request_latency_system_failure.csv,True,nab_event_2
2014-03-18 19:26:00+00:00,45.846,realKnownCause/ec2_request_latency_system_failure.csv,True,nab_event_2
2014-03-18 19:31:00+00:00,47.488,realKnownCause/ec2_request_latency_system_failure.csv,True,nab_event_2
2014-03-18 19:36:00+00:00,43.732,realKnownCause/ec2_request_latency_system_failure.csv,True,nab_event_2
2014-03-18 19:41:00+00:00,48.312,realKnownCause/ec2_request_latency_system_failure.csv,True,nab_event_2
2014-03-18 19:46:00+00:00,44.36600000000001,realKnownCause/ec2_request_latency_system_failure.csv,True,nab_event_2
2014-03-18 19:51:00+00:00,48.63800000000001,realKnownCause/ec2_request_latency_system_failure.csv,True,nab_event_2
2014-03-18 19:56:00+00:00,44.89,realKnownCause/ec2_request_latency_system_failure.csv,True,nab_event_2
2014-03-18 20:01:00+00:00,47.724,realKnownCause/ec2_request_latency_system_failure.csv,True,nab_event_2
2014-03-18 20:06:00+00:00,43.78,realKnownCause/ec2_request_latency_system_failure.csv,True,nab_event_2
2014-03-18 20:11:00+00:00,47.606,realKnownCause/ec2_request_latency_system_failure.csv,True,nab_event_2
2014-03-18 20:16:00+00:00,46.362,realKnownCause/ec2_request_latency_system_failure.csv,True,nab_event_2
2014-03-18 20:21:00+00:00,43.56800000000001,realKnownCause/ec2_request_latency_system_failure.csv,True,nab_event_2
2014-03-18 20:26:00+00:00,44.392,realKnownCause/ec2_request_latency_system_failure.csv,True,nab_event_2
2014-03-18 20:31:00+00:00,46.55,realKnownCause/ec2_request_latency_system_failure.csv,True,nab_event_2
2014-03-18 20:36:00+00:00,42.746,realKnownCause/ec2_request_latency_system_failure.csv,True,nab_event_2
2014-03-18 20:41:00+00:00,49.014,realKnownCause/ec2_request_latency_system_failure.csv,True,nab_event_2
2014-03-18 20:46:00+00:00,43.944,realKnownCause/ec2_request_latency_system_failure.csv,True,nab_event_2
2014-03-18 20:51:00+00:00,45.188,realKnownCause/ec2_request_latency_system_failure.csv,True,nab_event_2
2014-03-18 20:56:00+00:00,46.74,realKnownCause/ec2_request_latency_system_failure.csv,True,nab_event_2
2014-03-18 21:01:00+00:00,47.57,realKnownCause/ec2_request_latency_system_failure.csv,True,nab_event_2
2014-03-18 21:06:00+00:00,41.892,realKnownCause/ec2_request_latency_system_failure.csv,True,nab_event_2
2014-03-18 21:11:00+00:00,49.98,realKnownCause/ec2_request_latency_system_failure.csv,True,nab_event_2
2014-03-18 21:16:00+00:00,45.786,realKnownCause/ec2_request_latency_system_failure.csv,True,nab_event_2
2014-03-18 21:21:00+00:00,45.412,realKnownCause/ec2_request_latency_system_failure.csv,True,nab_event_2
2014-03-18 21:26:00+00:00,45.8,realKnownCause/ec2_request_latency_system_failure.csv,True,nab_event_2
2014-03-18 21:31:00+00:00,44.972,realKnownCause/ec2_request_latency_system_failure.csv,True,nab_event_2
2014-03-18 21:36:00+00:00,47.994,realKnownCause/ec2_request_latency_system_failure.csv,True,nab_event_2
2014-03-18 21:41:00+00:00,44.32,realKnownCause/ec2_request_latency_system_failure.csv,True,nab_event_2
2014-03-18 21:46:00+00:00,43.04,realKnownCause/ec2_request_latency_system_failure.csv,True,nab_event_2
2014-03-18 21:51:00+00:00,44.882,realKnownCause/ec2_request_latency_system_failure.csv,True,nab_event_2
2014-03-18 21:56:00+00:00,46.526,realKnownCause/ec2_request_latency_system_failure.csv,True,nab_event_2
2014-03-18 22:01:00+00:00,44.976000000000006,realKnownCause/ec2_request_latency_system_failure.csv,True,nab_event_2
2014-03-18 22:06:00+00:00,46.854,realKnownCause/ec2_request_latency_system_failure.csv,True,nab_event_2
2014-03-18 22:11:00+00:00,44.742,realKnownCause/ec2_request_latency_system_failure.csv,True,nab_event_2
2014-03-18 22:16:00+00:00,45.892,realKnownCause/ec2_request_latency_system_failure.csv,True,nab_event_2
2014-03-18 22:21:00+00:00,54.508,realKnownCause/ec2_request_latency_system_failure.csv,True,nab_event_2
2014-03-18 22:26:00+00:00,43.708,realKnownCause/ec2_request_latency_system_failure.csv,True,nab_event_2
2014-03-18 22:31:00+00:00,44.788,realKnownCause/ec2_request_latency_system_failure.csv,True,nab_event_2
2014-03-18 22:36:00+00:00,65.68,realKnownCause/ec2_request_latency_system_failure.csv,True,nab_event_2
2014-03-18 22:41:00+00:00,99.248,realKnownCause/ec2_request_latency_system_failure.csv,True,nab_event_2
2014-03-18 22:46:00+00:00,53.56800000000001,realKnownCause/ec2_request_latency_system_failure.csv,True,nab_event_2
2014-03-18 22:51:00+00:00,47.114,realKnownCause/ec2_request_latency_system_failure.csv,True,nab_event_2
2014-03-18 22:56:00+00:00,47.794,realKnownCause/ec2_request_latency_system_failure.csv,True,nab_event_2
2014-03-18 23:01:00+00:00,43.45,realKnownCause/ec2_request_latency_system_failure.csv,True,nab_event_2
2014-03-18 23:06:00+00:00,45.576,realKnownCause/ec2_request_latency_system_failure.csv,True,nab_event_2
2014-03-18 23:11:00+00:00,50.422,realKnownCause/ec2_request_latency_system_failure.csv,True,nab_event_2
2014-03-18 23:16:00+00:00,41.644,realKnownCause/ec2_request_latency_system_failure.csv,True,nab_event_2
2014-03-18 23:21:00+00:00,45.328,realKnownCause/ec2_request_latency_system_failure.csv,True,nab_event_2
2014-03-18 23:26:00+00:00,45.08600000000001,realKnownCause/ec2_request_latency_system_failure.csv,True,nab_event_2
2014-03-18 23:31:00+00:00,46.38399999999999,realKnownCause/ec2_request_latency_system_failure.csv,True,nab_event_2
2014-03-18 23:36:00+00:00,45.148,realKnownCause/ec2_request_latency_system_failure.csv,True,nab_event_2
2014-03-18 23:41:00+00:00,46.478,realKnownCause/ec2_request_latency_system_failure.csv,True,nab_event_2
2014-03-18 23:46:00+00:00,46.714,realKnownCause/ec2_request_latency_system_failure.csv,True,nab_event_2
2014-03-18 23:51:00+00:00,43.43600000000001,realKnownCause/ec2_request_latency_system_failure.csv,True,nab_event_2
2014-03-18 23:56:00+00:00,47.206,realKnownCause/ec2_request_latency_system_failure.csv,True,nab_event_2
2014-03-19 00:01:00+00:00,47.808,realKnownCause/ec2_request_latency_system_failure.csv,True,nab_event_2
2014-03-19 00:06:00+00:00,42.482,realKnownCause/ec2_request_latency_system_failure.csv,True,nab_event_2
2014-03-19 00:11:00+00:00,50.212,realKnownCause/ec2_request_latency_system_failure.csv,True,nab_event_2
2014-03-19 00:16:00+00:00,41.596,realKnownCause/ec2_request_latency_system_failure.csv,True,nab_event_2
2014-03-19 00:21:00+00:00,44.718,realKnownCause/ec2_request_latency_system_failure.csv,True,nab_event_2
2014-03-19 00:26:00+00:00,44.97,realKnownCause/ec2_request_latency_system_failure.csv,True,nab_event_2
2014-03-19 00:31:00+00:00,45.102,realKnownCause/ec2_request_latency_system_failure.csv,True,nab_event_2
2014-03-19 00:36:00+00:00,44.44,realKnownCause/ec2_request_latency_system_failure.csv,True,nab_event_2
2014-03-19 00:41:00+00:00,46.338,realKnownCause/ec2_request_latency_system_failure.csv,True,nab_event_2
2014-03-19 00:46:00+00:00,47.782,realKnownCause/ec2_request_latency_system_failure.csv,True,nab_event_2
2014-03-19 00:51:00+00:00,40.178,realKnownCause/ec2_request_latency_system_failure.csv,True,nab_event_2
2014-03-19 00:56:00+00:00,46.268,realKnownCause/ec2_request_latency_system_failure.csv,True,nab_event_2
2014-03-19 01:01:00+00:00,45.094,realKnownCause/ec2_request_latency_system_failure.csv,True,nab_event_2
2014-03-19 01:06:00+00:00,44.848,realKnownCause/ec2_request_latency_system_failure.csv,True,nab_event_2
2014-03-19 01:11:00+00:00,46.984,realKnownCause/ec2_request_latency_system_failure.csv,True,nab_event_2
2014-03-19 01:16:00+00:00,46.56,realKnownCause/ec2_request_latency_system_failure.csv,True,nab_event_2
2014-03-19 01:21:00+00:00,44.38,realKnownCause/ec2_request_latency_system_failure.csv,True,nab_event_2
2014-03-19 01:26:00+00:00,44.08,realKnownCause/ec2_request_latency_system_failure.csv,True,nab_event_2
2014-03-19 01:31:00+00:00,47.29600000000001,realKnownCause/ec2_request_latency_system_failure.csv,True,nab_event_2
2014-03-19 01:36:00+00:00,42.746,realKnownCause/ec2_request_latency_system_failure.csv,True,nab_event_2
2014-03-19 01:41:00+00:00,44.352,realKnownCause/ec2_request_latency_system_failure.csv,True,nab_event_2
2014-03-19 01:46:00+00:00,46.644,realKnownCause/ec2_request_latency_system_failure.csv,True,nab_event_2
2014-03-19 01:51:00+00:00,43.262,realKnownCause/ec2_request_latency_system_failure.csv,True,nab_event_2
2014-03-19 01:56:00+00:00,48.464,realKnownCause/ec2_request_latency_system_failure.csv,True,nab_event_2
2014-03-19 02:01:00+00:00,43.302,realKnownCause/ec2_request_latency_system_failure.csv,True,nab_event_2
2014-03-19 02:06:00+00:00,44.93600000000001,realKnownCause/ec2_request_latency_system_failure.csv,True,nab_event_2
2014-03-19 02:11:00+00:00,46.41,realKnownCause/ec2_request_latency_system_failure.csv,True,nab_event_2
2014-03-19 02:16:00+00:00,45.38800000000001,realKnownCause/ec2_request_latency_system_failure.csv,True,nab_event_2
2014-03-19 02:21:00+00:00,46.31399999999999,realKnownCause/ec2_request_latency_system_failure.csv,True,nab_event_2
2014-03-19 02:26:00+00:00,42.652,realKnownCause/ec2_request_latency_system_failure.csv,True,nab_event_2
2014-03-19 02:31:00+00:00,45.774,realKnownCause/ec2_request_latency_system_failure.csv,True,nab_event_2
2014-03-19 02:36:00+00:00,43.53,realKnownCause/ec2_request_latency_system_failure.csv,True,nab_event_2
2014-03-19 02:41:00+00:00,44.736,realKnownCause/ec2_request_latency_system_failure.csv,True,nab_event_2
2014-03-19 02:46:00+00:00,45.864,realKnownCause/ec2_request_latency_system_failure.csv,True,nab_event_2
2014-03-19 02:51:00+00:00,45.118,realKnownCause/ec2_request_latency_system_failure.csv,True,nab_event_2
2014-03-19 02:56:00+00:00,44.788,realKnownCause/ec2_request_latency_system_failure.csv,True,nab_event_2
2014-03-19 03:01:00+00:00,44.86,realKnownCause/ec2_request_latency_system_failure.csv,True,nab_event_2
2014-03-19 03:06:00+00:00,46.252,realKnownCause/ec2_request_latency_system_failure.csv,True,nab_event_2
2014-03-19 03:11:00+00:00,48.076,realKnownCause/ec2_request_latency_system_failure.csv,True,nab_event_2
2014-03-19 03:16:00+00:00,45.44600000000001,realKnownCause/ec2_request_latency_system_failure.csv,True,nab_event_2
2014-03-19 03:21:00+00:00,46.854,realKnownCause/ec2_request_latency_system_failure.csv,True,nab_event_2
2014-03-19 03:26:00+00:00,42.88800000000001,realKnownCause/ec2_request_latency_system_failure.csv,True,nab_event_2
2014-03-19 03:31:00+00:00,44.976000000000006,realKnownCause/ec2_request_latency_system_failure.csv,True,nab_event_2
2014-03-19 03:36:00+00:00,45.492,realKnownCause/ec2_request_latency_system_failure.csv,True,nab_event_2
2014-03-19 03:41:00+00:00,44.672,realKnownCause/ec2_request_latency_system_failure.csv,True,nab_event_2
2014-03-19 03:46:00+00:00,46.15,realKnownCause/ec2_request_latency_system_failure.csv,True,nab_event_2
2014-03-19 03:51:00+00:00,46.392,realKnownCause/ec2_request_latency_system_failure.csv,True,nab_event_2
2014-03-19 03:56:00+00:00,44.038,realKnownCause/ec2_request_latency_system_failure.csv,True,nab_event_2
2014-03-19 04:01:00+00:00,45.188,realKnownCause/ec2_request_latency_system_failure.csv,True,nab_event_2
2014-03-19 04:06:00+00:00,45.0,realKnownCause/ec2_request_latency_system_failure.csv,True,nab_event_2
2014-03-19 04:11:00+00:00,46.592,realKnownCause/ec2_request_latency_system_failure.csv,True,nab_event_2
2014-03-19 04:16:00+00:00,44.92,realKnownCause/ec2_request_latency_system_failure.csv,True,nab_event_2
2014-03-19 04:21:00+00:00,48.028,realKnownCause/ec2_request_latency_system_failure.csv,False,
2014-03-19 04:26:00+00:00,41.492,realKnownCause/ec2_request_latency_system_failure.csv,False,
2014-03-19 04:31:00+00:00,44.752,realKnownCause/ec2_request_latency_system_failure.csv,False,
2014-03-19 04:36:00+00:00,47.35,realKnownCause/ec2_request_latency_system_failure.csv,False,
2014-03-19 04:41:00+00:00,41.786,realKnownCause/ec2_request_latency_system_failure.csv,False,
2014-03-19 04:46:00+00:00,44.672,realKnownCause/ec2_request_latency_system_failure.csv,False,
2014-03-19 04:51:00+00:00,46.78,realKnownCause/ec2_request_latency_system_failure.csv,False,
2014-03-19 04:56:00+00:00,44.83600000000001,realKnownCause/ec2_request_latency_system_failure.csv,False,
2014-03-19 05:01:00+00:00,46.228,realKnownCause/ec2_request_latency_system_failure.csv,False,
2014-03-19 05:06:00+00:00,43.29,realKnownCause/ec2_request_latency_system_failure.csv,False,
2014-03-19 05:11:00+00:00,46.146,realKnownCause/ec2_request_latency_system_failure.csv,False,
2014-03-19 05:16:00+00:00,46.76,realKnownCause/ec2_request_latency_system_failure.csv,False,
2014-03-19 05:21:00+00:00,41.808,realKnownCause/ec2_request_latency_system_failure.csv,False,
2014-03-19 05:26:00+00:00,45.752,realKnownCause/ec2_request_latency_system_failure.csv,False,
2014-03-19 05:31:00+00:00,43.92,realKnownCause/ec2_request_latency_system_failure.csv,False,
2014-03-19 05:36:00+00:00,45.976000000000006,realKnownCause/ec2_request_latency_system_failure.csv,False,
2014-03-19 05:41:00+00:00,49.274,realKnownCause/ec2_request_latency_system_failure.csv,False,
2014-03-19 05:46:00+00:00,41.762,realKnownCause/ec2_request_latency_system_failure.csv,False,
2014-03-19 05:51:00+00:00,45.272,realKnownCause/ec2_request_latency_system_failure.csv,False,
2014-03-19 05:56:00+00:00,46.862,realKnownCause/ec2_request_latency_system_failure.csv,False,
2014-03-19 06:01:00+00:00,45.242,realKnownCause/ec2_request_latency_system_failure.csv,False,
2014-03-19 06:06:00+00:00,45.282,realKnownCause/ec2_request_latency_system_failure.csv,False,
2014-03-19 06:11:00+00:00,49.272,realKnownCause/ec2_request_latency_system_failure.csv,False,
2014-03-19 06:16:00+00:00,44.32,realKnownCause/ec2_request_latency_system_failure.csv,False,
2014-03-19 06:21:00+00:00,44.554,realKnownCause/ec2_request_latency_system_failure.csv,False,
2014-03-19 06:26:00+00:00,43.472,realKnownCause/ec2_request_latency_system_failure.csv,False,
2014-03-19 06:31:00+00:00,44.826,realKnownCause/ec2_request_latency_system_failure.csv,False,
2014-03-19 06:36:00+00:00,45.094,realKnownCause/ec2_request_latency_system_failure.csv,False,
2014-03-19 06:41:00+00:00,45.14,realKnownCause/ec2_request_latency_system_failure.csv,False,
2014-03-19 06:46:00+00:00,44.624,realKnownCause/ec2_request_latency_system_failure.csv,False,
2014-03-19 06:51:00+00:00,44.482,realKnownCause/ec2_request_latency_system_failure.csv,False,
2014-03-19 06:56:00+00:00,51.074,realKnownCause/ec2_request_latency_system_failure.csv,False,
2014-03-19 07:01:00+00:00,41.456,realKnownCause/ec2_request_latency_system_failure.csv,False,
2014-03-19 07:06:00+00:00,43.522,realKnownCause/ec2_request_latency_system_failure.csv,False,
2014-03-19 07:11:00+00:00,46.152,realKnownCause/ec2_request_latency_system_failure.csv,False,
2014-03-19 07:16:00+00:00,44.648,realKnownCause/ec2_request_latency_system_failure.csv,False,
2014-03-19 07:21:00+00:00,44.698,realKnownCause/ec2_request_latency_system_failure.csv,False,
2014-03-19 07:26:00+00:00,46.478,realKnownCause/ec2_request_latency_system_failure.csv,False,
2014-03-19 07:31:00+00:00,42.854,realKnownCause/ec2_request_latency_system_failure.csv,False,
2014-03-19 07:36:00+00:00,47.084,realKnownCause/ec2_request_latency_system_failure.csv,False,
2014-03-19 07:41:00+00:00,47.348,realKnownCause/ec2_request_latency_system_failure.csv,False,
2014-03-19 07:46:00+00:00,41.874,realKnownCause/ec2_request_latency_system_failure.csv,False,
2014-03-19 07:51:00+00:00,44.624,realKnownCause/ec2_request_latency_system_failure.csv,False,
2014-03-19 07:56:00+00:00,46.408,realKnownCause/ec2_request_latency_system_failure.csv,False,
2014-03-19 08:01:00+00:00,46.714,realKnownCause/ec2_request_latency_system_failure.csv,False,
2014-03-19 08:06:00+00:00,42.816,realKnownCause/ec2_request_latency_system_failure.csv,False,
2014-03-19 08:11:00+00:00,47.324,realKnownCause/ec2_request_latency_system_failure.csv,False,
2014-03-19 08:16:00+00:00,43.172,realKnownCause/ec2_request_latency_system_failure.csv,False,
2014-03-19 08:21:00+00:00,46.104,realKnownCause/ec2_request_latency_system_failure.csv,False,
2014-03-19 08:26:00+00:00,43.428,realKnownCause/ec2_request_latency_system_failure.csv,False,
2014-03-19 08:31:00+00:00,46.268,realKnownCause/ec2_request_latency_system_failure.csv,False,
2014-03-19 08:36:00+00:00,42.746,realKnownCause/ec2_request_latency_system_failure.csv,False,
2014-03-19 08:41:00+00:00,44.672,realKnownCause/ec2_request_latency_system_failure.csv,False,
2014-03-19 08:46:00+00:00,45.732,realKnownCause/ec2_request_latency_system_failure.csv,False,
2014-03-19 08:51:00+00:00,43.356,realKnownCause/ec2_request_latency_system_failure.csv,False,
2014-03-19 08:56:00+00:00,46.408,realKnownCause/ec2_request_latency_system_failure.csv,False,
2014-03-19 09:01:00+00:00,44.69,realKnownCause/ec2_request_latency_system_failure.csv,False,
2014-03-19 09:06:00+00:00,47.122,realKnownCause/ec2_request_latency_system_failure.csv,False,
2014-03-19 09:11:00+00:00,47.06399999999999,realKnownCause/ec2_request_latency_system_failure.csv,False,
2014-03-19 09:16:00+00:00,43.004,realKnownCause/ec2_request_latency_system_failure.csv,False,
2014-03-19 09:21:00+00:00,44.802,realKnownCause/ec2_request_latency_system_failure.csv,False,
2014-03-19 09:26:00+00:00,45.904,realKnownCause/ec2_request_latency_system_failure.csv,False,
2014-03-19 09:31:00+00:00,43.334,realKnownCause/ec2_request_latency_system_failure.csv,False,
2014-03-19 09:36:00+00:00,47.394,realKnownCause/ec2_request_latency_system_failure.csv,False,
2014-03-19 09:41:00+00:00,44.058,realKnownCause/ec2_request_latency_system_failure.csv,False,
2014-03-19 09:46:00+00:00,44.6,realKnownCause/ec2_request_latency_system_failure.csv,False,
2014-03-19 09:51:00+00:00,44.788,realKnownCause/ec2_request_latency_system_failure.csv,False,
2014-03-19 09:56:00+00:00,47.464,realKnownCause/ec2_request_latency_system_failure.csv,False,
2014-03-19 10:01:00+00:00,44.928,realKnownCause/ec2_request_latency_system_failure.csv,False,
2014-03-19 10:06:00+00:00,45.44600000000001,realKnownCause/ec2_request_latency_system_failure.csv,False,
2014-03-19 10:11:00+00:00,44.43600000000001,realKnownCause/ec2_request_latency_system_failure.csv,False,
2014-03-19 10:16:00+00:00,44.662,realKnownCause/ec2_request_latency_system_failure.csv,False,
2014-03-19 10:21:00+00:00,44.732,realKnownCause/ec2_request_latency_system_failure.csv,False,
2014-03-19 10:26:00+00:00,44.832,realKnownCause/ec2_request_latency_system_failure.csv,False,
2014-03-19 10:31:00+00:00,44.62,realKnownCause/ec2_request_latency_system_failure.csv,False,
2014-03-19 10:36:00+00:00,46.55,realKnownCause/ec2_request_latency_system_failure.csv,False,
2014-03-19 10:41:00+00:00,46.784,realKnownCause/ec2_request_latency_system_failure.csv,False,
2014-03-19 10:46:00+00:00,40.586,realKnownCause/ec2_request_latency_system_failure.csv,False,
2014-03-19 10:51:00+00:00,45.202,realKnownCause/ec2_request_latency_system_failure.csv,False,
2014-03-19 10:56:00+00:00,47.398,realKnownCause/ec2_request_latency_system_failure.csv,False,
2014-03-19 11:01:00+00:00,45.07,realKnownCause/ec2_request_latency_system_failure.csv,False,
2014-03-19 11:06:00+00:00,45.79600000000001,realKnownCause/ec2_request_latency_system_failure.csv,False,
2014-03-19 11:11:00+00:00,50.166,realKnownCause/ec2_request_latency_system_failure.csv,False,
2014-03-19 11:16:00+00:00,44.022,realKnownCause/ec2_request_latency_system_failure.csv,False,
2014-03-19 11:21:00+00:00,47.066,realKnownCause/ec2_request_latency_system_failure.csv,False,
2014-03-19 11:26:00+00:00,44.158,realKnownCause/ec2_request_latency_system_failure.csv,False,
2014-03-19 11:31:00+00:00,46.198,realKnownCause/ec2_request_latency_system_failure.csv,False,
2014-03-19 11:36:00+00:00,46.072,realKnownCause/ec2_request_latency_system_failure.csv,False,
2014-03-19 11:41:00+00:00,47.512,realKnownCause/ec2_request_latency_system_failure.csv,False,
2014-03-19 11:46:00+00:00,46.902,realKnownCause/ec2_request_latency_system_failure.csv,False,
2014-03-19 11:51:00+00:00,43.456,realKnownCause/ec2_request_latency_system_failure.csv,False,
2014-03-19 11:56:00+00:00,47.08,realKnownCause/ec2_request_latency_system_failure.csv,False,
2014-03-19 12:01:00+00:00,46.316,realKnownCause/ec2_request_latency_system_failure.csv,False,
2014-03-19 12:06:00+00:00,43.592,realKnownCause/ec2_request_latency_system_failure.csv,False,
2014-03-19 12:11:00+00:00,45.984,realKnownCause/ec2_request_latency_system_failure.csv,False,
2014-03-19 12:16:00+00:00,46.784,realKnownCause/ec2_request_latency_system_failure.csv,False,
2014-03-19 12:21:00+00:00,42.488,realKnownCause/ec2_request_latency_system_failure.csv,False,
2014-03-19 12:26:00+00:00,44.506,realKnownCause/ec2_request_latency_system_failure.csv,False,
2014-03-19 12:31:00+00:00,44.93,realKnownCause/ec2_request_latency_system_failure.csv,False,
2014-03-19 12:36:00+00:00,46.032,realKnownCause/ec2_request_latency_system_failure.csv,False,
2014-03-19 12:41:00+00:00,42.982,realKnownCause/ec2_request_latency_system_failure.csv,False,
2014-03-19 12:46:00+00:00,46.38399999999999,realKnownCause/ec2_request_latency_system_failure.csv,False,
2014-03-19 12:51:00+00:00,43.17,realKnownCause/ec2_request_latency_system_failure.csv,False,
2014-03-19 12:56:00+00:00,46.02,realKnownCause/ec2_request_latency_system_failure.csv,False,
2014-03-19 13:01:00+00:00,48.216,realKnownCause/ec2_request_latency_system_failure.csv,False,
2014-03-19 13:06:00+00:00,42.51,realKnownCause/ec2_request_latency_system_failure.csv,False,
2014-03-19 13:11:00+00:00,47.476000000000006,realKnownCause/ec2_request_latency_system_failure.csv,False,
2014-03-19 13:16:00+00:00,43.434,realKnownCause/ec2_request_latency_system_failure.csv,False,
2014-03-19 13:21:00+00:00,45.038,realKnownCause/ec2_request_latency_system_failure.csv,False,
2014-03-19 13:26:00+00:00,46.81,realKnownCause/ec2_request_latency_system_failure.csv,False,
2014-03-19 13:31:00+00:00,43.16,realKnownCause/ec2_request_latency_system_failure.csv,False,
2014-03-19 13:36:00+00:00,45.112,realKnownCause/ec2_request_latency_system_failure.csv,False,
2014-03-19 13:41:00+00:00,45.938,realKnownCause/ec2_request_latency_system_failure.csv,False,
2014-03-19 13:46:00+00:00,48.61600000000001,realKnownCause/ec2_request_latency_system_failure.csv,False,
2014-03-19 13:51:00+00:00,40.81,realKnownCause/ec2_request_latency_system_failure.csv,False,
2014-03-19 13:56:00+00:00,46.56800000000001,realKnownCause/ec2_request_latency_system_failure.csv,False,
2014-03-19 14:01:00+00:00,46.738,realKnownCause/ec2_request_latency_system_failure.csv,False,
2014-03-19 14:06:00+00:00,43.004,realKnownCause/ec2_request_latency_system_failure.csv,False,
2014-03-19 14:11:00+00:00,46.55,realKnownCause/ec2_request_latency_system_failure.csv,False,
2014-03-19 14:16:00+00:00,45.188,realKnownCause/ec2_request_latency_system_failure.csv,False,
2014-03-19 14:21:00+00:00,44.52,realKnownCause/ec2_request_latency_system_failure.csv,False,
2014-03-19 14:26:00+00:00,46.56399999999999,realKnownCause/ec2_request_latency_system_failure.csv,False,
2014-03-19 14:31:00+00:00,45.504,realKnownCause/ec2_request_latency_system_failure.csv,False,
2014-03-19 14:36:00+00:00,45.926,realKnownCause/ec2_request_latency_system_failure.csv,False,
2014-03-19 14:41:00+00:00,43.346,realKnownCause/ec2_request_latency_system_failure.csv,False,
2014-03-19 14:46:00+00:00,45.928,realKnownCause/ec2_request_latency_system_failure.csv,False,
2014-03-19 14:51:00+00:00,46.15,realKnownCause/ec2_request_latency_system_failure.csv,False,
2014-03-19 14:56:00+00:00,49.624,realKnownCause/ec2_request_latency_system_failure.csv,False,
2014-03-19 15:01:00+00:00,44.624,realKnownCause/ec2_request_latency_system_failure.csv,False,
2014-03-19 15:06:00+00:00,44.718,realKnownCause/ec2_request_latency_system_failure.csv,False,
2014-03-19 15:11:00+00:00,47.88800000000001,realKnownCause/ec2_request_latency_system_failure.csv,False,
2014-03-19 15:16:00+00:00,45.37600000000001,realKnownCause/ec2_request_latency_system_failure.csv,False,
2014-03-19 15:21:00+00:00,45.70399999999999,realKnownCause/ec2_request_latency_system_failure.csv,False,
2014-03-19 15:26:00+00:00,49.36600000000001,realKnownCause/ec2_request_latency_system_failure.csv,False,
2014-03-19 15:31:00+00:00,40.062,realKnownCause/ec2_request_latency_system_failure.csv,False,
2014-03-19 15:36:00+00:00,45.332,realKnownCause/ec2_request_latency_system_failure.csv,False,
2014-03-19 15:41:00+00:00,47.276,realKnownCause/ec2_request_latency_system_failure.csv,False,
2014-03-19 15:46:00+00:00,43.58,realKnownCause/ec2_request_latency_system_failure.csv,False,
2014-03-19 15:51:00+00:00,44.742,realKnownCause/ec2_request_latency_system_failure.csv,False,
2014-03-19 15:56:00+00:00,48.428,realKnownCause/ec2_request_latency_system_failure.csv,False,
2014-03-19 16:01:00+00:00,43.004,realKnownCause/ec2_request_latency_system_failure.csv,False,
2014-03-19 16:06:00+00:00,45.0,realKnownCause/ec2_request_latency_system_failure.csv,False,
2014-03-19 16:11:00+00:00,46.38399999999999,realKnownCause/ec2_request_latency_system_failure.csv,False,
2014-03-19 16:16:00+00:00,47.094,realKnownCause/ec2_request_latency_system_failure.csv,False,
2014-03-19 16:21:00+00:00,42.19600000000001,realKnownCause/ec2_request_latency_system_failure.csv,False,
2014-03-19 16:26:00+00:00,48.692,realKnownCause/ec2_request_latency_system_failure.csv,False,
2014-03-19 16:31:00+00:00,41.62,realKnownCause/ec2_request_latency_system_failure.csv,False,
2014-03-19 16:36:00+00:00,44.90600000000001,realKnownCause/ec2_request_latency_system_failure.csv,False,
2014-03-19 16:41:00+00:00,45.4,realKnownCause/ec2_request_latency_system_failure.csv,False,
2014-03-19 16:46:00+00:00,46.69,realKnownCause/ec2_request_latency_system_failure.csv,False,
2014-03-19 16:51:00+00:00,46.006,realKnownCause/ec2_request_latency_system_failure.csv,False,
2014-03-19 16:56:00+00:00,48.756,realKnownCause/ec2_request_latency_system_failure.csv,False,
2014-03-19 17:01:00+00:00,44.226000000000006,realKnownCause/ec2_request_latency_system_failure.csv,False,
2014-03-19 17:06:00+00:00,45.07,realKnownCause/ec2_request_latency_system_failure.csv,False,
2014-03-19 17:11:00+00:00,44.718,realKnownCause/ec2_request_latency_system_failure.csv,False,
2014-03-19 17:16:00+00:00,44.624,realKnownCause/ec2_request_latency_system_failure.csv,False,
2014-03-19 17:21:00+00:00,45.47,realKnownCause/ec2_request_latency_system_failure.csv,False,
2014-03-19 17:26:00+00:00,46.666,realKnownCause/ec2_request_latency_system_failure.csv,False,
2014-03-19 17:31:00+00:00,42.982,realKnownCause/ec2_request_latency_system_failure.csv,False,
2014-03-19 17:36:00+00:00,46.948,realKnownCause/ec2_request_latency_system_failure.csv,False,
2014-03-19 17:41:00+00:00,44.694,realKnownCause/ec2_request_latency_system_failure.csv,False,
2014-03-19 17:46:00+00:00,44.672,realKnownCause/ec2_request_latency_system_failure.csv,False,
2014-03-19 17:51:00+00:00,45.024,realKnownCause/ec2_request_latency_system_failure.csv,False,
2014-03-19 17:56:00+00:00,48.31,realKnownCause/ec2_request_latency_system_failure.csv,False,
2014-03-19 18:01:00+00:00,43.112,realKnownCause/ec2_request_latency_system_failure.csv,False,
2014-03-19 18:06:00+00:00,45.164,realKnownCause/ec2_request_latency_system_failure.csv,False,
2014-03-19 18:11:00+00:00,47.846,realKnownCause/ec2_request_latency_system_failure.csv,False,
2014-03-19 18:16:00+00:00,44.414,realKnownCause/ec2_request_latency_system_failure.csv,False,
2014-03-19 18:21:00+00:00,46.76,realKnownCause/ec2_request_latency_system_failure.csv,False,
2014-03-19 18:26:00+00:00,48.826,realKnownCause/ec2_request_latency_system_failure.csv,False,
2014-03-19 18:31:00+00:00,43.206,realKnownCause/ec2_request_latency_system_failure.csv,False,
2014-03-19 18:36:00+00:00,45.432,realKnownCause/ec2_request_latency_system_failure.csv,False,
2014-03-19 18:41:00+00:00,44.914,realKnownCause/ec2_request_latency_system_failure.csv,False,
2014-03-19 18:46:00+00:00,44.99,realKnownCause/ec2_request_latency_system_failure.csv,False,
2014-03-19 18:51:00+00:00,45.868,realKnownCause/ec2_request_latency_system_failure.csv,False,
2014-03-19 18:56:00+00:00,45.4,realKnownCause/ec2_request_latency_system_failure.csv,False,
2014-03-19 19:01:00+00:00,46.716,realKnownCause/ec2_request_latency_system_failure.csv,False,
2014-03-19 19:06:00+00:00,42.958,realKnownCause/ec2_request_latency_system_failure.csv,False,
2014-03-19 19:11:00+00:00,46.632,realKnownCause/ec2_request_latency_system_failure.csv,False,
2014-03-19 19:16:00+00:00,45.246,realKnownCause/ec2_request_latency_system_failure.csv,False,
2014-03-19 19:21:00+00:00,45.04600000000001,realKnownCause/ec2_request_latency_system_failure.csv,False,
2014-03-19 19:26:00+00:00,50.552,realKnownCause/ec2_request_latency_system_failure.csv,False,
2014-03-19 19:31:00+00:00,43.56800000000001,realKnownCause/ec2_request_latency_system_failure.csv,False,
2014-03-19 19:36:00+00:00,45.798,realKnownCause/ec2_request_latency_system_failure.csv,False,
2014-03-19 19:41:00+00:00,46.478,realKnownCause/ec2_request_latency_system_failure.csv,False,
2014-03-19 19:46:00+00:00,44.6,realKnownCause/ec2_request_latency_system_failure.csv,False,
2014-03-19 19:51:00+00:00,44.966,realKnownCause/ec2_request_latency_system_failure.csv,False,
2014-03-19 19:56:00+00:00,46.854,realKnownCause/ec2_request_latency_system_failure.csv,False,
2014-03-19 20:01:00+00:00,48.56800000000001,realKnownCause/ec2_request_latency_system_failure.csv,False,
2014-03-19 20:06:00+00:00,42.206,realKnownCause/ec2_request_latency_system_failure.csv,False,
2014-03-19 20:11:00+00:00,46.292,realKnownCause/ec2_request_latency_system_failure.csv,False,
2014-03-19 20:16:00+00:00,47.536,realKnownCause/ec2_request_latency_system_failure.csv,False,
2014-03-19 20:21:00+00:00,42.306,realKnownCause/ec2_request_latency_system_failure.csv,False,
2014-03-19 20:26:00+00:00,44.90600000000001,realKnownCause/ec2_request_latency_system_failure.csv,False,
2014-03-19 20:31:00+00:00,47.146,realKnownCause/ec2_request_latency_system_failure.csv,False,
2014-03-19 20:36:00+00:00,44.272,realKnownCause/ec2_request_latency_system_failure.csv,False,
2014-03-19 20:41:00+00:00,43.476000000000006,realKnownCause/ec2_request_latency_system_failure.csv,False,
2014-03-19 20:46:00+00:00,45.234,realKnownCause/ec2_request_latency_system_failure.csv,False,
2014-03-19 20:51:00+00:00,44.524,realKnownCause/ec2_request_latency_system_failure.csv,False,
2014-03-19 20:56:00+00:00,46.58,realKnownCause/ec2_request_latency_system_failure.csv,False,
2014-03-19 21:01:00+00:00,46.902,realKnownCause/ec2_request_latency_system_failure.csv,False,
2014-03-19 21:06:00+00:00,44.508,realKnownCause/ec2_request_latency_system_failure.csv,False,
2014-03-19 21:11:00+00:00,47.118,realKnownCause/ec2_request_latency_system_failure.csv,False,
2014-03-19 21:16:00+00:00,43.802,realKnownCause/ec2_request_latency_system_failure.csv,False,
2014-03-19 21:21:00+00:00,45.58600000000001,realKnownCause/ec2_request_latency_system_failure.csv,False,
2014-03-19 21:26:00+00:00,47.348,realKnownCause/ec2_request_latency_system_failure.csv,False,
2014-03-19 21:31:00+00:00,46.312,realKnownCause/ec2_request_latency_system_failure.csv,False,
2014-03-19 21:36:00+00:00,49.896,realKnownCause/ec2_request_latency_system_failure.csv,False,
2014-03-19 21:41:00+00:00,45.752,realKnownCause/ec2_request_latency_system_failure.csv,False,
2014-03-19 21:46:00+00:00,48.06,realKnownCause/ec2_request_latency_system_failure.csv,False,
2014-03-19 21:51:00+00:00,47.762,realKnownCause/ec2_request_latency_system_failure.csv,False,
2014-03-19 21:56:00+00:00,45.37,realKnownCause/ec2_request_latency_system_failure.csv,False,
2014-03-19 22:01:00+00:00,45.694,realKnownCause/ec2_request_latency_system_failure.csv,False,
2014-03-19 22:06:00+00:00,47.23,realKnownCause/ec2_request_latency_system_failure.csv,False,
2014-03-19 22:11:00+00:00,44.508,realKnownCause/ec2_request_latency_system_failure.csv,False,
2014-03-19 22:16:00+00:00,44.578,realKnownCause/ec2_request_latency_system_failure.csv,False,
2014-03-19 22:21:00+00:00,44.892,realKnownCause/ec2_request_latency_system_failure.csv,False,
2014-03-19 22:26:00+00:00,44.718,realKnownCause/ec2_request_latency_system_failure.csv,False,
2014-03-19 22:31:00+00:00,45.328,realKnownCause/ec2_request_latency_system_failure.csv,False,
2014-03-19 22:36:00+00:00,45.852,realKnownCause/ec2_request_latency_system_failure.csv,False,
2014-03-19 22:41:00+00:00,42.018,realKnownCause/ec2_request_latency_system_failure.csv,False,
2014-03-19 22:46:00+00:00,44.484,realKnownCause/ec2_request_latency_system_failure.csv,False,
2014-03-19 22:51:00+00:00,45.04,realKnownCause/ec2_request_latency_system_failure.csv,False,
2014-03-19 22:56:00+00:00,46.69,realKnownCause/ec2_request_latency_system_failure.csv,False,
2014-03-19 23:01:00+00:00,45.118,realKnownCause/ec2_request_latency_system_failure.csv,False,
2014-03-19 23:06:00+00:00,48.334,realKnownCause/ec2_request_latency_system_failure.csv,False,
2014-03-19 23:11:00+00:00,42.974,realKnownCause/ec2_request_latency_system_failure.csv,False,
2014-03-19 23:16:00+00:00,44.732,realKnownCause/ec2_request_latency_system_failure.csv,False,
2014-03-19 23:21:00+00:00,47.878,realKnownCause/ec2_request_latency_system_failure.csv,False,
2014-03-19 23:26:00+00:00,42.112,realKnownCause/ec2_request_latency_system_failure.csv,False,
2014-03-19 23:31:00+00:00,44.718,realKnownCause/ec2_request_latency_system_failure.csv,False,
2014-03-19 23:36:00+00:00,47.512,realKnownCause/ec2_request_latency_system_failure.csv,False,
2014-03-19 23:41:00+00:00,45.07,realKnownCause/ec2_request_latency_system_failure.csv,False,
2014-03-19 23:46:00+00:00,48.2,realKnownCause/ec2_request_latency_system_failure.csv,False,
2014-03-19 23:51:00+00:00,45.18,realKnownCause/ec2_request_latency_system_failure.csv,False,
2014-03-19 23:56:00+00:00,48.74,realKnownCause/ec2_request_latency_system_failure.csv,False,
2014-03-20 00:01:00+00:00,48.8,realKnownCause/ec2_request_latency_system_failure.csv,False,
2014-03-20 00:06:00+00:00,46.88399999999999,realKnownCause/ec2_request_latency_system_failure.csv,False,
2014-03-20 00:11:00+00:00,43.576,realKnownCause/ec2_request_latency_system_failure.csv,False,
2014-03-20 00:16:00+00:00,45.242,realKnownCause/ec2_request_latency_system_failure.csv,False,
2014-03-20 00:21:00+00:00,46.142,realKnownCause/ec2_request_latency_system_failure.csv,False,
2014-03-20 00:26:00+00:00,43.614,realKnownCause/ec2_request_latency_system_failure.csv,False,
2014-03-20 00:31:00+00:00,46.76,realKnownCause/ec2_request_latency_system_failure.csv,False,
2014-03-20 00:36:00+00:00,42.452,realKnownCause/ec2_request_latency_system_failure.csv,False,
2014-03-20 00:41:00+00:00,44.788,realKnownCause/ec2_request_latency_system_failure.csv,False,
2014-03-20 00:46:00+00:00,44.788,realKnownCause/ec2_request_latency_system_failure.csv,False,
2014-03-20 00:51:00+00:00,47.464,realKnownCause/ec2_request_latency_system_failure.csv,False,
2014-03-20 00:56:00+00:00,44.174,realKnownCause/ec2_request_latency_system_failure.csv,False,
2014-03-20 01:01:00+00:00,48.122,realKnownCause/ec2_request_latency_system_failure.csv,False,
2014-03-20 01:06:00+00:00,41.878,realKnownCause/ec2_request_latency_system_failure.csv,False,
2014-03-20 01:11:00+00:00,46.478,realKnownCause/ec2_request_latency_system_failure.csv,False,
2014-03-20 01:16:00+00:00,44.56800000000001,realKnownCause/ec2_request_latency_system_failure.csv,False,
2014-03-20 01:21:00+00:00,45.054,realKnownCause/ec2_request_latency_system_failure.csv,False,
2014-03-20 01:26:00+00:00,44.64,realKnownCause/ec2_request_latency_system_failure.csv,False,
2014-03-20 01:31:00+00:00,46.456,realKnownCause/ec2_request_latency_system_failure.csv,False,
2014-03-20 01:36:00+00:00,44.83600000000001,realKnownCause/ec2_request_latency_system_failure.csv,False,
2014-03-20 01:41:00+00:00,46.902,realKnownCause/ec2_request_latency_system_failure.csv,False,
2014-03-20 01:46:00+00:00,42.042,realKnownCause/ec2_request_latency_system_failure.csv,False,
2014-03-20 01:51:00+00:00,44.76600000000001,realKnownCause/ec2_request_latency_system_failure.csv,False,
2014-03-20 01:56:00+00:00,46.632,realKnownCause/ec2_request_latency_system_failure.csv,False,
2014-03-20 02:01:00+00:00,44.976000000000006,realKnownCause/ec2_request_latency_system_failure.csv,False,
2014-03-20 02:06:00+00:00,46.714,realKnownCause/ec2_request_latency_system_failure.csv,False,
2014-03-20 02:11:00+00:00,46.188,realKnownCause/ec2_request_latency_system_failure.csv,False,
2014-03-20 02:16:00+00:00,43.544,realKnownCause/ec2_request_latency_system_failure.csv,False,
2014-03-20 02:21:00+00:00,44.722,realKnownCause/ec2_request_latency_system_failure.csv,False,
2014-03-20 02:26:00+00:00,44.742,realKnownCause/ec2_request_latency_system_failure.csv,False,
2014-03-20 02:31:00+00:00,47.394,realKnownCause/ec2_request_latency_system_failure.csv,False,
2014-03-20 02:36:00+00:00,43.92,realKnownCause/ec2_request_latency_system_failure.csv,False,
2014-03-20 02:41:00+00:00,42.724,realKnownCause/ec2_request_latency_system_failure.csv,False,
2014-03-20 02:46:00+00:00,45.948,realKnownCause/ec2_request_latency_system_failure.csv,False,
2014-03-20 02:51:00+00:00,43.292,realKnownCause/ec2_request_latency_system_failure.csv,False,
2014-03-20 02:56:00+00:00,46.596,realKnownCause/ec2_request_latency_system_failure.csv,False,
2014-03-20 03:01:00+00:00,44.694,realKnownCause/ec2_request_latency_system_failure.csv,False,
2014-03-20 03:06:00+00:00,49.122,realKnownCause/ec2_request_latency_system_failure.csv,False,
2014-03-20 03:11:00+00:00,44.32,realKnownCause/ec2_request_latency_system_failure.csv,False,
2014-03-20 03:16:00+00:00,47.524,realKnownCause/ec2_request_latency_system_failure.csv,False,
2014-03-20 03:21:00+00:00,43.23,realKnownCause/ec2_request_latency_system_failure.csv,False,
2014-03-20 03:26:00+00:00,43.38,realKnownCause/ec2_request_latency_system_failure.csv,False,
2014-03-20 03:31:00+00:00,45.118,realKnownCause/ec2_request_latency_system_failure.csv,False,
2014-03-20 03:36:00+00:00,47.632,realKnownCause/ec2_request_latency_system_failure.csv,False,
2014-03-20 03:41:00+00:00,43.92,realKnownCause/ec2_request_latency_system_failure.csv,False,
2014-03-20 03:46:00+00:00,45.254,realKnownCause/ec2_request_latency_system_failure.csv,False,
2014-03-20 03:51:00+00:00,44.90600000000001,realKnownCause/ec2_request_latency_system_failure.csv,False,
2014-03-20 03:56:00+00:00,46.478,realKnownCause/ec2_request_latency_system_failure.csv,False,
2014-03-20 04:01:00+00:00,46.97,realKnownCause/ec2_request_latency_system_failure.csv,False,
2014-03-20 04:06:00+00:00,44.272,realKnownCause/ec2_request_latency_system_failure.csv,False,
2014-03-20 04:11:00+00:00,44.508,realKnownCause/ec2_request_latency_system_failure.csv,False,
2014-03-20 04:16:00+00:00,44.648,realKnownCause/ec2_request_latency_system_failure.csv,False,
2014-03-20 04:21:00+00:00,44.648,realKnownCause/ec2_request_latency_system_failure.csv,False,
2014-03-20 04:26:00+00:00,44.86,realKnownCause/ec2_request_latency_system_failure.csv,False,
2014-03-20 04:31:00+00:00,46.456,realKnownCause/ec2_request_latency_system_failure.csv,False,
2014-03-20 04:36:00+00:00,44.202,realKnownCause/ec2_request_latency_system_failure.csv,False,
2014-03-20 04:41:00+00:00,43.538,realKnownCause/ec2_request_latency_system_failure.csv,False,
2014-03-20 04:46:00+00:00,46.01,realKnownCause/ec2_request_latency_system_failure.csv,False,
2014-03-20 04:51:00+00:00,44.54600000000001,realKnownCause/ec2_request_latency_system_failure.csv,False,
2014-03-20 04:56:00+00:00,45.164,realKnownCause/ec2_request_latency_system_failure.csv,False,
2014-03-20 05:01:00+00:00,46.738,realKnownCause/ec2_request_latency_system_failure.csv,False,
2014-03-20 05:06:00+00:00,42.982,realKnownCause/ec2_request_latency_system_failure.csv,False,
2014-03-20 05:11:00+00:00,47.84,realKnownCause/ec2_request_latency_system_failure.csv,False,
2014-03-20 05:16:00+00:00,43.582,realKnownCause/ec2_request_latency_system_failure.csv,False,
2014-03-20 05:21:00+00:00,45.344,realKnownCause/ec2_request_latency_system_failure.csv,False,
2014-03-20 05:26:00+00:00,44.578,realKnownCause/ec2_request_latency_system_failure.csv,False,
2014-03-20 05:31:00+00:00,47.97,realKnownCause/ec2_request_latency_system_failure.csv,False,
2014-03-20 05:36:00+00:00,41.854,realKnownCause/ec2_request_latency_system_failure.csv,False,
2014-03-20 05:41:00+00:00,46.62,realKnownCause/ec2_request_latency_system_failure.csv,False,
2014-03-20 05:46:00+00:00,45.192,realKnownCause/ec2_request_latency_system_failure.csv,False,
2014-03-20 05:51:00+00:00,43.474,realKnownCause/ec2_request_latency_system_failure.csv,False,
2014-03-20 05:56:00+00:00,46.408,realKnownCause/ec2_request_latency_system_failure.csv,False,
2014-03-20 06:01:00+00:00,46.808,realKnownCause/ec2_request_latency_system_failure.csv,False,
2014-03-20 06:06:00+00:00,43.052,realKnownCause/ec2_request_latency_system_failure.csv,False,
2014-03-20 06:11:00+00:00,46.12600000000001,realKnownCause/ec2_request_latency_system_failure.csv,False,
2014-03-20 06:16:00+00:00,45.892,realKnownCause/ec2_request_latency_system_failure.csv,False,
2014-03-20 06:21:00+00:00,44.554,realKnownCause/ec2_request_latency_system_failure.csv,False,
2014-03-20 06:26:00+00:00,46.442,realKnownCause/ec2_request_latency_system_failure.csv,False,
2014-03-20 06:31:00+00:00,41.502,realKnownCause/ec2_request_latency_system_failure.csv,False,
2014-03-20 06:36:00+00:00,44.694,realKnownCause/ec2_request_latency_system_failure.csv,False,
2014-03-20 06:41:00+00:00,43.544,realKnownCause/ec2_request_latency_system_failure.csv,False,
2014-03-20 06:46:00+00:00,44.83600000000001,realKnownCause/ec2_request_latency_system_failure.csv,False,
2014-03-20 06:51:00+00:00,46.46,realKnownCause/ec2_request_latency_system_failure.csv,False,
2014-03-20 06:56:00+00:00,44.788,realKnownCause/ec2_request_latency_system_failure.csv,False,
2014-03-20 07:01:00+00:00,47.512,realKnownCause/ec2_request_latency_system_failure.csv,False,
2014-03-20 07:06:00+00:00,42.16,realKnownCause/ec2_request_latency_system_failure.csv,False,
2014-03-20 07:11:00+00:00,46.83,realKnownCause/ec2_request_latency_system_failure.csv,False,
2014-03-20 07:16:00+00:00,44.39,realKnownCause/ec2_request_latency_system_failure.csv,False,
2014-03-20 07:21:00+00:00,46.924,realKnownCause/ec2_request_latency_system_failure.csv,False,
2014-03-20 07:26:00+00:00,42.794,realKnownCause/ec2_request_latency_system_failure.csv,False,
2014-03-20 07:31:00+00:00,44.54600000000001,realKnownCause/ec2_request_latency_system_failure.csv,False,
2014-03-20 07:36:00+00:00,47.066,realKnownCause/ec2_request_latency_system_failure.csv,False,
2014-03-20 07:41:00+00:00,44.752,realKnownCause/ec2_request_latency_system_failure.csv,False,
2014-03-20 07:46:00+00:00,45.234,realKnownCause/ec2_request_latency_system_failure.csv,False,
2014-03-20 07:51:00+00:00,46.362,realKnownCause/ec2_request_latency_system_failure.csv,False,
2014-03-20 07:56:00+00:00,45.024,realKnownCause/ec2_request_latency_system_failure.csv,False,
2014-03-20 08:01:00+00:00,44.93,realKnownCause/ec2_request_latency_system_failure.csv,False,
2014-03-20 08:06:00+00:00,44.93,realKnownCause/ec2_request_latency_system_failure.csv,False,
2014-03-20 08:11:00+00:00,47.63,realKnownCause/ec2_request_latency_system_failure.csv,False,
2014-03-20 08:16:00+00:00,41.738,realKnownCause/ec2_request_latency_system_failure.csv,False,
2014-03-20 08:21:00+00:00,44.742,realKnownCause/ec2_request_latency_system_failure.csv,False,
2014-03-20 08:26:00+00:00,46.68,realKnownCause/ec2_request_latency_system_failure.csv,False,
2014-03-20 08:31:00+00:00,42.794,realKnownCause/ec2_request_latency_system_failure.csv,False,
2014-03-20 08:36:00+00:00,45.70399999999999,realKnownCause/ec2_request_latency_system_failure.csv,False,
2014-03-20 08:41:00+00:00,43.746,realKnownCause/ec2_request_latency_system_failure.csv,False,
2014-03-20 08:46:00+00:00,46.79,realKnownCause/ec2_request_latency_system_failure.csv,False,
2014-03-20 08:51:00+00:00,42.642,realKnownCause/ec2_request_latency_system_failure.csv,False,
2014-03-20 08:56:00+00:00,48.596,realKnownCause/ec2_request_latency_system_failure.csv,False,
2014-03-20 09:01:00+00:00,42.816,realKnownCause/ec2_request_latency_system_failure.csv,False,
2014-03-20 09:06:00+00:00,44.46,realKnownCause/ec2_request_latency_system_failure.csv,False,
2014-03-20 09:11:00+00:00,46.124,realKnownCause/ec2_request_latency_system_failure.csv,False,
2014-03-20 09:16:00+00:00,44.728,realKnownCause/ec2_request_latency_system_failure.csv,False,
2014-03-20 09:21:00+00:00,47.606,realKnownCause/ec2_request_latency_system_failure.csv,False,
2014-03-20 09:26:00+00:00,43.756,realKnownCause/ec2_request_latency_system_failure.csv,False,
2014-03-20 09:31:00+00:00,44.014,realKnownCause/ec2_request_latency_system_failure.csv,False,
2014-03-20 09:36:00+00:00,43.944,realKnownCause/ec2_request_latency_system_failure.csv,False,
2014-03-20 09:41:00+00:00,45.774,realKnownCause/ec2_request_latency_system_failure.csv,False,
2014-03-20 09:46:00+00:00,44.624,realKnownCause/ec2_request_latency_system_failure.csv,False,
2014-03-20 09:51:00+00:00,44.43600000000001,realKnownCause/ec2_request_latency_system_failure.csv,False,
2014-03-20 09:56:00+00:00,48.192,realKnownCause/ec2_request_latency_system_failure.csv,False,
2014-03-20 10:01:00+00:00,44.288,realKnownCause/ec2_request_latency_system_failure.csv,False,
2014-03-20 10:06:00+00:00,45.38800000000001,realKnownCause/ec2_request_latency_system_failure.csv,False,
2014-03-20 10:11:00+00:00,45.07,realKnownCause/ec2_request_latency_system_failure.csv,False,
2014-03-20 10:16:00+00:00,44.788,realKnownCause/ec2_request_latency_system_failure.csv,False,
2014-03-20 10:21:00+00:00,47.534,realKnownCause/ec2_request_latency_system_failure.csv,False,
2014-03-20 10:26:00+00:00,41.902,realKnownCause/ec2_request_latency_system_failure.csv,False,
2014-03-20 10:31:00+00:00,44.648,realKnownCause/ec2_request_latency_system_failure.csv,False,
2014-03-20 10:36:00+00:00,46.056,realKnownCause/ec2_request_latency_system_failure.csv,False,
2014-03-20 10:41:00+00:00,43.182,realKnownCause/ec2_request_latency_system_failure.csv,False,
2014-03-20 10:46:00+00:00,44.98,realKnownCause/ec2_request_latency_system_failure.csv,False,
2014-03-20 10:51:00+00:00,44.882,realKnownCause/ec2_request_latency_system_failure.csv,False,
2014-03-20 10:56:00+00:00,47.904,realKnownCause/ec2_request_latency_system_failure.csv,False,
2014-03-20 11:01:00+00:00,43.292,realKnownCause/ec2_request_latency_system_failure.csv,False,
2014-03-20 11:06:00+00:00,46.198,realKnownCause/ec2_request_latency_system_failure.csv,False,
2014-03-20 11:11:00+00:00,45.024,realKnownCause/ec2_request_latency_system_failure.csv,False,
2014-03-20 11:16:00+00:00,46.244,realKnownCause/ec2_request_latency_system_failure.csv,False,
2014-03-20 11:21:00+00:00,43.49800000000001,realKnownCause/ec2_request_latency_system_failure.csv,False,
2014-03-20 11:26:00+00:00,46.746,realKnownCause/ec2_request_latency_system_failure.csv,False,
2014-03-20 11:31:00+00:00,44.202,realKnownCause/ec2_request_latency_system_failure.csv,False,
2014-03-20 11:36:00+00:00,44.044,realKnownCause/ec2_request_latency_system_failure.csv,False,
2014-03-20 11:41:00+00:00,45.846,realKnownCause/ec2_request_latency_system_failure.csv,False,
2014-03-20 11:46:00+00:00,43.08600000000001,realKnownCause/ec2_request_latency_system_failure.csv,False,
2014-03-20 11:51:00+00:00,46.338,realKnownCause/ec2_request_latency_system_failure.csv,False,
2014-03-20 11:56:00+00:00,46.572,realKnownCause/ec2_request_latency_system_failure.csv,False,
2014-03-20 12:01:00+00:00,45.46,realKnownCause/ec2_request_latency_system_failure.csv,False,
2014-03-20 12:06:00+00:00,42.754,realKnownCause/ec2_request_latency_system_failure.csv,False,
2014-03-20 12:11:00+00:00,46.15,realKnownCause/ec2_request_latency_system_failure.csv,False,
2014-03-20 12:16:00+00:00,45.874,realKnownCause/ec2_request_latency_system_failure.csv,False,
2014-03-20 12:21:00+00:00,43.522,realKnownCause/ec2_request_latency_system_failure.csv,False,
2014-03-20 12:26:00+00:00,46.62,realKnownCause/ec2_request_latency_system_failure.csv,False,
2014-03-20 12:31:00+00:00,44.226000000000006,realKnownCause/ec2_request_latency_system_failure.csv,False,
2014-03-20 12:36:00+00:00,44.694,realKnownCause/ec2_request_latency_system_failure.csv,False,
2014-03-20 12:41:00+00:00,43.474,realKnownCause/ec2_request_latency_system_failure.csv,False,
2014-03-20 12:46:00+00:00,44.578,realKnownCause/ec2_request_latency_system_failure.csv,False,
2014-03-20 12:51:00+00:00,44.648,realKnownCause/ec2_request_latency_system_failure.csv,False,
2014-03-20 12:56:00+00:00,48.522,realKnownCause/ec2_request_latency_system_failure.csv,False,
2014-03-20 13:01:00+00:00,44.554,realKnownCause/ec2_request_latency_system_failure.csv,False,
2014-03-20 13:06:00+00:00,42.316,realKnownCause/ec2_request_latency_system_failure.csv,False,
2014-03-20 13:11:00+00:00,47.7,realKnownCause/ec2_request_latency_system_failure.csv,False,
2014-03-20 13:16:00+00:00,43.286,realKnownCause/ec2_request_latency_system_failure.csv,False,
2014-03-20 13:21:00+00:00,44.90600000000001,realKnownCause/ec2_request_latency_system_failure.csv,False,
2014-03-20 13:26:00+00:00,45.846,realKnownCause/ec2_request_latency_system_failure.csv,False,
2014-03-20 13:31:00+00:00,45.188,realKnownCause/ec2_request_latency_system_failure.csv,False,
2014-03-20 13:36:00+00:00,43.45,realKnownCause/ec2_request_latency_system_failure.csv,False,
2014-03-20 13:41:00+00:00,45.99800000000001,realKnownCause/ec2_request_latency_system_failure.csv,False,
2014-03-20 13:46:00+00:00,47.184,realKnownCause/ec2_request_latency_system_failure.csv,False,
2014-03-20 13:51:00+00:00,42.16,realKnownCause/ec2_request_latency_system_failure.csv,False,
2014-03-20 13:56:00+00:00,46.502,realKnownCause/ec2_request_latency_system_failure.csv,False,
2014-03-20 14:01:00+00:00,46.65,realKnownCause/ec2_request_latency_system_failure.csv,False,
2014-03-20 14:06:00+00:00,42.91,realKnownCause/ec2_request_latency_system_failure.csv,False,
2014-03-20 14:11:00+00:00,46.408,realKnownCause/ec2_request_latency_system_failure.csv,False,
2014-03-20 14:16:00+00:00,46.104,realKnownCause/ec2_request_latency_system_failure.csv,False,
2014-03-20 14:21:00+00:00,44.93600000000001,realKnownCause/ec2_request_latency_system_failure.csv,False,
2014-03-20 14:26:00+00:00,43.742,realKnownCause/ec2_request_latency_system_failure.csv,False,
2014-03-20 14:31:00+00:00,47.478,realKnownCause/ec2_request_latency_system_failure.csv,False,
2014-03-20 14:36:00+00:00,41.31399999999999,realKnownCause/ec2_request_latency_system_failure.csv,False,
2014-03-20 14:41:00+00:00,44.484,realKnownCause/ec2_request_latency_system_failure.csv,False,
2014-03-20 14:46:00+00:00,44.826,realKnownCause/ec2_request_latency_system_failure.csv,False,
2014-03-20 14:51:00+00:00,44.886,realKnownCause/ec2_request_latency_system_failure.csv,False,
2014-03-20 14:56:00+00:00,46.62,realKnownCause/ec2_request_latency_system_failure.csv,False,
2014-03-20 15:01:00+00:00,50.0,realKnownCause/ec2_request_latency_system_failure.csv,False,
2014-03-20 15:06:00+00:00,40.47,realKnownCause/ec2_request_latency_system_failure.csv,False,
2014-03-20 15:11:00+00:00,46.102,realKnownCause/ec2_request_latency_system_failure.csv,False,
2014-03-20 15:16:00+00:00,43.286,realKnownCause/ec2_request_latency_system_failure.csv,False,
2014-03-20 15:21:00+00:00,45.118,realKnownCause/ec2_request_latency_system_failure.csv,False,
2014-03-20 15:26:00+00:00,44.29600000000001,realKnownCause/ec2_request_latency_system_failure.csv,False,
2014-03-20 15:31:00+00:00,46.432,realKnownCause/ec2_request_latency_system_failure.csv,False,
2014-03-20 15:36:00+00:00,43.544,realKnownCause/ec2_request_latency_system_failure.csv,False,
2014-03-20 15:41:00+00:00,47.136,realKnownCause/ec2_request_latency_system_failure.csv,False,
2014-03-20 15:46:00+00:00,43.324,realKnownCause/ec2_request_latency_system_failure.csv,False,
2014-03-20 15:51:00+00:00,45.986,realKnownCause/ec2_request_latency_system_failure.csv,False,
2014-03-20 15:56:00+00:00,45.51600000000001,realKnownCause/ec2_request_latency_system_failure.csv,False,
2014-03-20 16:01:00+00:00,46.972,realKnownCause/ec2_request_latency_system_failure.csv,False,
2014-03-20 16:06:00+00:00,44.32,realKnownCause/ec2_request_latency_system_failure.csv,False,
2014-03-20 16:11:00+00:00,45.164,realKnownCause/ec2_request_latency_system_failure.csv,False,
2014-03-20 16:16:00+00:00,45.07,realKnownCause/ec2_request_latency_system_failure.csv,False,
2014-03-20 16:21:00+00:00,46.08,realKnownCause/ec2_request_latency_system_failure.csv,False,
2014-03-20 16:26:00+00:00,43.734,realKnownCause/ec2_request_latency_system_failure.csv,False,
2014-03-20 16:31:00+00:00,46.784,realKnownCause/ec2_request_latency_system_failure.csv,False,
2014-03-20 16:36:00+00:00,44.168,realKnownCause/ec2_request_latency_system_failure.csv,False,
2014-03-20 16:41:00+00:00,43.606,realKnownCause/ec2_request_latency_system_failure.csv,False,
2014-03-20 16:46:00+00:00,44.624,realKnownCause/ec2_request_latency_system_failure.csv,False,
2014-03-20 16:51:00+00:00,45.752,realKnownCause/ec2_request_latency_system_failure.csv,False,
2014-03-20 16:56:00+00:00,45.04600000000001,realKnownCause/ec2_request_latency_system_failure.csv,False,
2014-03-20 17:01:00+00:00,48.192,realKnownCause/ec2_request_latency_system_failure.csv,False,
2014-03-20 17:06:00+00:00,41.738,realKnownCause/ec2_request_latency_system_failure.csv,False,
2014-03-20 17:11:00+00:00,46.234,realKnownCause/ec2_request_latency_system_failure.csv,False,
2014-03-20 17:16:00+00:00,44.97,realKnownCause/ec2_request_latency_system_failure.csv,False,
2014-03-20 17:21:00+00:00,45.094,realKnownCause/ec2_request_latency_system_failure.csv,False,
2014-03-20 17:26:00+00:00,44.944,realKnownCause/ec2_request_latency_system_failure.csv,False,
2014-03-20 17:31:00+00:00,46.362,realKnownCause/ec2_request_latency_system_failure.csv,False,
2014-03-20 17:36:00+00:00,45.962,realKnownCause/ec2_request_latency_system_failure.csv,False,
2014-03-20 17:41:00+00:00,45.328,realKnownCause/ec2_request_latency_system_failure.csv,False,
2014-03-20 17:46:00+00:00,45.694,realKnownCause/ec2_request_latency_system_failure.csv,False,
2014-03-20 17:51:00+00:00,43.65,realKnownCause/ec2_request_latency_system_failure.csv,False,
2014-03-20 17:56:00+00:00,46.65,realKnownCause/ec2_request_latency_system_failure.csv,False,
2014-03-20 18:01:00+00:00,45.258,realKnownCause/ec2_request_latency_system_failure.csv,False,
2014-03-20 18:06:00+00:00,47.06,realKnownCause/ec2_request_latency_system_failure.csv,False,
2014-03-20 18:11:00+00:00,44.554,realKnownCause/ec2_request_latency_system_failure.csv,False,
2014-03-20 18:16:00+00:00,46.478,realKnownCause/ec2_request_latency_system_failure.csv,False,
2014-03-20 18:21:00+00:00,43.364,realKnownCause/ec2_request_latency_system_failure.csv,False,
2014-03-20 18:26:00+00:00,47.91,realKnownCause/ec2_request_latency_system_failure.csv,False,
2014-03-20 18:31:00+00:00,43.444,realKnownCause/ec2_request_latency_system_failure.csv,False,
2014-03-20 18:36:00+00:00,47.09,realKnownCause/ec2_request_latency_system_failure.csv,False,
2014-03-20 18:41:00+00:00,43.004,realKnownCause/ec2_request_latency_system_failure.csv,False,
2014-03-20 18:46:00+00:00,45.118,realKnownCause/ec2_request_latency_system_failure.csv,False,
2014-03-20 18:51:00+00:00,44.90600000000001,realKnownCause/ec2_request_latency_system_failure.csv,False,
2014-03-20 18:56:00+00:00,46.898,realKnownCause/ec2_request_latency_system_failure.csv,False,
2014-03-20 19:01:00+00:00,48.332,realKnownCause/ec2_request_latency_system_failure.csv,False,
2014-03-20 19:06:00+00:00,44.53,realKnownCause/ec2_request_latency_system_failure.csv,False,
2014-03-20 19:11:00+00:00,46.032,realKnownCause/ec2_request_latency_system_failure.csv,False,
2014-03-20 19:16:00+00:00,43.61,realKnownCause/ec2_request_latency_system_failure.csv,False,
2014-03-20 19:21:00+00:00,45.306,realKnownCause/ec2_request_latency_system_failure.csv,False,
2014-03-20 19:26:00+00:00,45.282,realKnownCause/ec2_request_latency_system_failure.csv,False,
2014-03-20 19:31:00+00:00,44.708,realKnownCause/ec2_request_latency_system_failure.csv,False,
2014-03-20 19:36:00+00:00,49.082,realKnownCause/ec2_request_latency_system_failure.csv,False,
2014-03-20 19:41:00+00:00,42.77,realKnownCause/ec2_request_latency_system_failure.csv,False,
2014-03-20 19:46:00+00:00,46.62,realKnownCause/ec2_request_latency_system_failure.csv,False,
2014-03-20 19:51:00+00:00,43.544,realKnownCause/ec2_request_latency_system_failure.csv,False,
2014-03-20 19:56:00+00:00,48.374,realKnownCause/ec2_request_latency_system_failure.csv,False,
2014-03-20 20:01:00+00:00,43.802,realKnownCause/ec2_request_latency_system_failure.csv,False,
2014-03-20 20:06:00+00:00,46.924,realKnownCause/ec2_request_latency_system_failure.csv,False,
2014-03-20 20:11:00+00:00,44.474,realKnownCause/ec2_request_latency_system_failure.csv,False,
2014-03-20 20:16:00+00:00,46.576,realKnownCause/ec2_request_latency_system_failure.csv,False,
2014-03-20 20:21:00+00:00,43.45,realKnownCause/ec2_request_latency_system_failure.csv,False,
2014-03-20 20:26:00+00:00,45.188,realKnownCause/ec2_request_latency_system_failure.csv,False,
2014-03-20 20:31:00+00:00,45.07,realKnownCause/ec2_request_latency_system_failure.csv,False,
2014-03-20 20:36:00+00:00,46.76,realKnownCause/ec2_request_latency_system_failure.csv,False,
2014-03-20 20:41:00+00:00,43.018,realKnownCause/ec2_request_latency_system_failure.csv,False,
2014-03-20 20:46:00+00:00,46.504,realKnownCause/ec2_request_latency_system_failure.csv,False,
2014-03-20 20:51:00+00:00,44.986,realKnownCause/ec2_request_latency_system_failure.csv,False,
2014-03-20 20:56:00+00:00,45.36,realKnownCause/ec2_request_latency_system_failure.csv,False,
2014-03-20 21:01:00+00:00,44.95399999999999,realKnownCause/ec2_request_latency_system_failure.csv,False,
2014-03-20 21:06:00+00:00,47.288,realKnownCause/ec2_request_latency_system_failure.csv,False,
2014-03-20 21:11:00+00:00,44.356,realKnownCause/ec2_request_latency_system_failure.csv,False,
2014-03-20 21:16:00+00:00,45.4,realKnownCause/ec2_request_latency_system_failure.csv,False,
2014-03-20 21:21:00+00:00,46.22,realKnownCause/ec2_request_latency_system_failure.csv,False,
2014-03-20 21:26:00+00:00,45.456,realKnownCause/ec2_request_latency_system_failure.csv,True,nab_event_3
2014-03-20 21:31:00+00:00,44.342,realKnownCause/ec2_request_latency_system_failure.csv,True,nab_event_3
2014-03-20 21:36:00+00:00,46.69,realKnownCause/ec2_request_latency_system_failure.csv,True,nab_event_3
2014-03-20 21:41:00+00:00,44.062,realKnownCause/ec2_request_latency_system_failure.csv,True,nab_event_3
2014-03-20 21:46:00+00:00,45.54,realKnownCause/ec2_request_latency_system_failure.csv,True,nab_event_3
2014-03-20 21:51:00+00:00,45.524,realKnownCause/ec2_request_latency_system_failure.csv,True,nab_event_3
2014-03-20 21:56:00+00:00,46.816,realKnownCause/ec2_request_latency_system_failure.csv,True,nab_event_3
2014-03-20 22:01:00+00:00,46.676,realKnownCause/ec2_request_latency_system_failure.csv,True,nab_event_3
2014-03-20 22:06:00+00:00,46.244,realKnownCause/ec2_request_latency_system_failure.csv,True,nab_event_3
2014-03-20 22:11:00+00:00,44.062,realKnownCause/ec2_request_latency_system_failure.csv,True,nab_event_3
2014-03-20 22:16:00+00:00,46.31399999999999,realKnownCause/ec2_request_latency_system_failure.csv,True,nab_event_3
2014-03-20 22:21:00+00:00,43.61600000000001,realKnownCause/ec2_request_latency_system_failure.csv,True,nab_event_3
2014-03-20 22:26:00+00:00,45.128,realKnownCause/ec2_request_latency_system_failure.csv,True,nab_event_3
2014-03-20 22:31:00+00:00,44.718,realKnownCause/ec2_request_latency_system_failure.csv,True,nab_event_3
2014-03-20 22:36:00+00:00,46.948,realKnownCause/ec2_request_latency_system_failure.csv,True,nab_event_3
2014-03-20 22:41:00+00:00,43.942,realKnownCause/ec2_request_latency_system_failure.csv,True,nab_event_3
2014-03-20 22:46:00+00:00,43.544,realKnownCause/ec2_request_latency_system_failure.csv,True,nab_event_3
2014-03-20 22:51:00+00:00,44.93,realKnownCause/ec2_request_latency_system_failure.csv,True,nab_event_3
2014-03-20 22:56:00+00:00,47.91,realKnownCause/ec2_request_latency_system_failure.csv,True,nab_event_3
2014-03-20 23:01:00+00:00,44.062,realKnownCause/ec2_request_latency_system_failure.csv,True,nab_event_3
2014-03-20 23:06:00+00:00,47.848,realKnownCause/ec2_request_latency_system_failure.csv,True,nab_event_3
2014-03-20 23:11:00+00:00,43.688,realKnownCause/ec2_request_latency_system_failure.csv,True,nab_event_3
2014-03-20 23:16:00+00:00,46.61,realKnownCause/ec2_request_latency_system_failure.csv,True,nab_event_3
2014-03-20 23:21:00+00:00,44.838,realKnownCause/ec2_request_latency_system_failure.csv,True,nab_event_3
2014-03-20 23:26:00+00:00,53.732,realKnownCause/ec2_request_latency_system_failure.csv,True,nab_event_3
2014-03-20 23:31:00+00:00,45.07,realKnownCause/ec2_request_latency_system_failure.csv,True,nab_event_3
2014-03-20 23:36:00+00:00,45.646,realKnownCause/ec2_request_latency_system_failure.csv,True,nab_event_3
2014-03-20 23:41:00+00:00,48.214,realKnownCause/ec2_request_latency_system_failure.csv,True,nab_event_3
2014-03-20 23:46:00+00:00,43.48,realKnownCause/ec2_request_latency_system_failure.csv,True,nab_event_3
2014-03-20 23:51:00+00:00,44.64,realKnownCause/ec2_request_latency_system_failure.csv,True,nab_event_3
2014-03-20 23:56:00+00:00,49.902,realKnownCause/ec2_request_latency_system_failure.csv,True,nab_event_3
2014-03-21 00:01:00+00:00,42.26600000000001,realKnownCause/ec2_request_latency_system_failure.csv,True,nab_event_3
2014-03-21 00:06:00+00:00,45.154,realKnownCause/ec2_request_latency_system_failure.csv,True,nab_event_3
2014-03-21 00:11:00+00:00,48.556,realKnownCause/ec2_request_latency_system_failure.csv,True,nab_event_3
2014-03-21 00:16:00+00:00,43.192,realKnownCause/ec2_request_latency_system_failure.csv,True,nab_event_3
2014-03-21 00:21:00+00:00,44.54600000000001,realKnownCause/ec2_request_latency_system_failure.csv,True,nab_event_3
2014-03-21 00:26:00+00:00,45.184,realKnownCause/ec2_request_latency_system_failure.csv,True,nab_event_3
2014-03-21 00:31:00+00:00,46.268,realKnownCause/ec2_request_latency_system_failure.csv,True,nab_event_3
2014-03-21 00:36:00+00:00,45.226000000000006,realKnownCause/ec2_request_latency_system_failure.csv,True,nab_event_3
2014-03-21 00:41:00+00:00,44.36600000000001,realKnownCause/ec2_request_latency_system_failure.csv,True,nab_event_3
2014-03-21 00:46:00+00:00,43.592,realKnownCause/ec2_request_latency_system_failure.csv,True,nab_event_3
2014-03-21 00:51:00+00:00,44.812,realKnownCause/ec2_request_latency_system_failure.csv,True,nab_event_3
2014-03-21 00:56:00+00:00,46.878,realKnownCause/ec2_request_latency_system_failure.csv,True,nab_event_3
2014-03-21 01:01:00+00:00,45.07,realKnownCause/ec2_request_latency_system_failure.csv,True,nab_event_3
2014-03-21 01:06:00+00:00,46.644,realKnownCause/ec2_request_latency_system_failure.csv,True,nab_event_3
2014-03-21 01:11:00+00:00,47.84,realKnownCause/ec2_request_latency_system_failure.csv,True,nab_event_3
2014-03-21 01:16:00+00:00,47.254,realKnownCause/ec2_request_latency_system_failure.csv,True,nab_event_3
2014-03-21 01:21:00+00:00,44.226000000000006,realKnownCause/ec2_request_latency_system_failure.csv,True,nab_event_3
2014-03-21 01:26:00+00:00,43.592,realKnownCause/ec2_request_latency_system_failure.csv,True,nab_event_3
2014-03-21 01:31:00+00:00,45.526,realKnownCause/ec2_request_latency_system_failure.csv,True,nab_event_3
2014-03-21 01:36:00+00:00,44.99800000000001,realKnownCause/ec2_request_latency_system_failure.csv,True,nab_event_3
2014-03-21 01:41:00+00:00,47.276,realKnownCause/ec2_request_latency_system_failure.csv,True,nab_event_3
2014-03-21 01:46:00+00:00,43.756,realKnownCause/ec2_request_latency_system_failure.csv,True,nab_event_3
2014-03-21 01:51:00+00:00,46.83600000000001,realKnownCause/ec2_request_latency_system_failure.csv,True,nab_event_3
2014-03-21 01:56:00+00:00,45.13800000000001,realKnownCause/ec2_request_latency_system_failure.csv,True,nab_event_3
2014-03-21 02:01:00+00:00,44.90600000000001,realKnownCause/ec2_request_latency_system_failure.csv,True,nab_event_3
2014-03-21 02:06:00+00:00,46.658,realKnownCause/ec2_request_latency_system_failure.csv,True,nab_event_3
2014-03-21 02:11:00+00:00,43.732,realKnownCause/ec2_request_latency_system_failure.csv,True,nab_event_3
2014-03-21 02:16:00+00:00,47.3,realKnownCause/ec2_request_latency_system_failure.csv,True,nab_event_3
2014-03-21 02:21:00+00:00,44.198,realKnownCause/ec2_request_latency_system_failure.csv,True,nab_event_3
2014-03-21 02:26:00+00:00,43.31,realKnownCause/ec2_request_latency_system_failure.csv,True,nab_event_3
2014-03-21 02:31:00+00:00,44.75,realKnownCause/ec2_request_latency_system_failure.csv,True,nab_event_3
2014-03-21 02:36:00+00:00,45.14,realKnownCause/ec2_request_latency_system_failure.csv,True,nab_event_3
2014-03-21 02:41:00+00:00,44.558,realKnownCause/ec2_request_latency_system_failure.csv,True,nab_event_3
2014-03-21 02:46:00+00:00,43.774,realKnownCause/ec2_request_latency_system_failure.csv,True,nab_event_3
2014-03-21 02:51:00+00:00,46.292,realKnownCause/ec2_request_latency_system_failure.csv,True,nab_event_3
2014-03-21 02:56:00+00:00,46.948,realKnownCause/ec2_request_latency_system_failure.csv,True,nab_event_3
2014-03-21 03:01:00+00:00,25.422,realKnownCause/ec2_request_latency_system_failure.csv,True,nab_event_3
2014-03-21 03:06:00+00:00,57.958,realKnownCause/ec2_request_latency_system_failure.csv,True,nab_event_3
2014-03-21 03:11:00+00:00,28.052,realKnownCause/ec2_request_latency_system_failure.csv,True,nab_event_3
2014-03-21 03:16:00+00:00,56.572,realKnownCause/ec2_request_latency_system_failure.csv,True,nab_event_3
2014-03-21 03:21:00+00:00,25.352,realKnownCause/ec2_request_latency_system_failure.csv,True,nab_event_3
2014-03-21 03:26:00+00:00,38.216,realKnownCause/ec2_request_latency_system_failure.csv,True,nab_event_3
2014-03-21 03:31:00+00:00,22.864,realKnownCause/ec2_request_latency_system_failure.csv,True,nab_event_3
2014-03-21 03:36:00+00:00,66.26,realKnownCause/ec2_request_latency_system_failure.csv,True,nab_event_3
2014-03-21 03:41:00+00:00,30.962,realKnownCause/ec2_request_latency_system_failure.csv,True,nab_event_3
